0.003
0.092
-0.006
0
0
-0.153
0.017
-0.017
0.021
0.027
-0.012
0
-0.046
-0.043
-0.038
0.012
-0.056
-0.005
-0.024
-0.002
-0.026
0.02
-0.015
-0.005
-0.027
-0.023
0.005
0
0.02
0.023
-0.002
0.012
0.002
-0.011
0.006
-0.002
-0.002
-0.015
0.008
-0.003
0.005
0.003
0
0.018
-0.031
-0.029
0.006
0.012
0.008
0.003
0.011
0
-0.017
-0.009
-0.002
0.012
-0.005
-0.024
-0.024
0
0.009
-0.02
-0.005
-0.017
-0.011
0.011
-0.015
-0.002
0.003
0.008
0.012
-0.003
-0.009
-0.005
-0.02
-0.021
-0.018
-0.014
-0.015
-0.005
-0.035
-0.02
-0.038
-0.029
-0.006
0.008
0.012
-0.04
-0.018
0.008
0
-0.014
-0.008
-0.011
-0.006
0.017
-0.008
0.021
0.006
0
-0.02
-0.021
-0.015
0.018
-0.003
-0.017
0.002
0.012
0.023
-0.012
-0.003
0.008
0.015
-0.009
-0.014
-0.032
-0.046
0
-0.011
-0.008
-0.027
0.012
-0.006
0.005
0.006
-0.026
-0.009
-0.026
-0.029
0.02
0
-0.082
0.017
-0.003
0.011
-0.005
-0.02
-0.084
-0.041
-0.046
-0.05
-0.061
-0.032
-0.084
0.018
0.009
0.006
0.046
0.015
-0.009
0.056
-0.021
-0.034
-0.011
-0.014
0.005
-0.015
-0.021
-0.055
0.018
-0.04
-0.05
-0.023
0.038
0.006
-0.041
-0.02
0
0.099
-0.058
0.005
0.052
0.02
0.02
-0.003
0.011
0.044
0.099
0.099
0.07
0.096
0.11
0.114
0.127
0.172
0.166
0.14
0.194
0.145
0.182
0.186
0.182
0.217
0.186
0.209
0.226
0.229
0.264
0.287
0.282
0.285
0.291
0.31
0.33
0.357
0.375
0.354
0.391
0.414
0.409
0.421
0.462
0.488
0.514
0.536
0.565
0.58
0.604
0.61
0.638
0.682
0.714
0.737
0.78
0.813
0.83
0.897
0.94
0.97
1.01
1.024
1.083
1.138
1.19
1.23
1.28
1.326
1.375
1.436
1.495
1.549
1.611
1.675
1.73
1.791
1.854
1.929
2.007
2.069
2.145
2.213
2.287
2.365
2.438
2.522
2.599
2.687
2.765
2.852
2.939
3.038
3.131
3.22
3.329
3.421
3.526
3.63
3.738
3.844
3.954
4.06
4.179
4.295
4.407
4.524
4.643
4.764
4.887
5.016
5.144
5.276
5.411
5.539
5.675
5.818
5.959
6.107
6.258
6.407
6.557
6.712
6.87
7.022
7.182
7.339
7.494
7.643
7.8
7.947
8.102
8.263
8.408
8.566
8.723
8.884
9.042
9.207
9.367
9.541
9.708
9.885
10.06
10.24
10.423
10.597
10.783
10.97
11.163
11.343
11.539
11.728
11.931
12.126
12.317
12.508
12.697
12.898
13.097
13.292
13.493
13.702
13.898
14.099
14.311
14.522
14.737
14.955
15.175
15.398
15.617
15.834
16.06
16.281
16.513
16.73
16.949
17.303
17.668
17.877
18.092
18.3
18.512
18.719
18.935
19.153
19.37
19.588
19.809
20.035
20.258
20.479
20.714
20.947
21.184
21.419
21.652
21.886
22.119
22.354
22.589
22.815
23.05
23.288
23.511
23.743
23.981
24.208
24.435
24.669
24.902
25.142
25.374
25.613
25.853
26.096
26.34
26.582
26.834
27.081
27.328
27.577
27.837
28.078
28.323
28.558
28.804
29.051
29.292
29.524
29.759
29.994
30.232
30.47
30.71
30.951
31.187
31.427
31.662
31.908
32.155
32.394
32.64
32.89
33.139
33.377
33.62
33.868
34.114
34.352
34.592
34.834
35.072
35.312
35.553
35.786
36.021
36.261
36.504
36.742
36.989
37.231
37.469
37.721
37.973
38.222
38.484
38.744
38.998
39.261
39.522
39.775
40.03
40.286
40.529
40.775
41.003
41.237
41.464
41.684
41.896
42.114
42.332
42.545
42.76
42.969
43.181
43.401
43.613
43.828
44.043
44.267
44.489
44.702
44.922
45.151
45.369
45.583
45.805
46.024
46.237
46.469
46.692
46.904
47.125
47.345
47.559
47.784
48.016
48.241
48.468
48.694
48.921
49.15
49.382
49.609
49.838
50.067
50.288
50.51
50.74
50.957
51.163
51.379
51.593
51.811
52.019
52.228
52.438
52.649
52.852
53.064
53.273
53.484
53.694
53.903
54.114
54.323
54.53
54.742
54.951
55.159
55.37
55.569
55.775
55.975
56.177
56.372
56.578
56.77
56.966
57.164
57.362
57.559
57.755
57.948
58.147
58.347
58.539
58.742
58.943
59.146
59.34
59.538
59.74
59.943
60.139
60.326
60.513
60.696
60.88
61.064
61.247
61.438
61.62
61.8
61.986
62.17
62.343
62.531
62.721
62.909
63.092
63.277
63.461
63.64
63.824
64.008
64.192
64.359
64.528
64.719
64.896
65.076
65.245
65.416
65.598
65.761
65.923
66.098
66.27
66.451
66.632
66.8
66.972
67.149
67.319
67.496
67.661
67.838
68.01
68.185
68.362
68.53
68.7
68.848
69.012
69.168
69.327
69.492
69.643
69.801
69.963
70.125
70.288
70.445
70.599
70.761
70.9
71.062
71.236
71.391
71.545
71.701
71.861
72.017
72.168
72.327
72.485
72.623
72.771
72.905
73.068
73.213
73.361
73.508
73.648
73.801
73.94
74.081
74.229
74.382
74.536
74.683
74.826
74.971
75.131
75.27
75.404
75.545
75.697
75.838
75.969
76.112
76.244
76.375
76.503
76.637
76.762
76.895
77.045
77.18
77.328
77.451
77.582
77.718
77.849
77.986
78.123
78.256
78.38
78.514
78.65
78.78
78.908
79.03
79.158
79.28
79.393
79.52
79.651
79.771
79.9
80.023
80.147
80.27
80.403
80.519
80.661
80.779
80.896
81.029
81.148
81.27
81.378
81.503
81.615
81.74
81.851
81.972
82.094
82.202
82.317
82.433
82.544
82.661
82.776
82.883
82.991
83.119
83.244
83.345
83.453
83.565
83.673
83.786
83.899
84.015
84.119
84.224
84.323
84.435
84.531
84.637
84.746
84.85
84.949
85.063
85.17
85.275
85.374
85.481
85.585
85.695
85.799
85.896
85.995
86.093
86.195
86.284
86.386
86.482
86.575
86.679
86.777
86.861
86.952
87.044
87.134
87.233
87.331
87.427
87.511
87.599
87.701
87.788
87.874
87.964
88.048
88.135
88.217
88.309
88.388
88.47
88.557
88.641
88.727
88.803
88.884
88.966
89.047
89.137
89.212
89.299
89.386
89.481
89.548
89.618
89.702
89.767
89.842
89.919
89.99
90.056
90.12
90.201
90.276
90.34
90.421
90.497
90.578
90.666
90.752
90.833
90.921
91.005
91.096
91.185
91.275
91.367
91.458
91.542
91.641
91.733
91.823
91.911
91.994
92.085
92.184
92.27
92.361
92.444
92.549
92.638
92.712
92.81
92.909
92.999
93.091
93.181
93.274
93.358
93.448
93.544
93.628
93.709
93.774
93.866
93.953
94.023
94.102
94.189
94.266
94.341
94.421
94.495
94.586
94.661
94.734
94.812
94.884
94.948
95.029
95.1
95.164
95.236
95.306
95.367
95.43
95.496
95.564
95.625
95.697
95.767
95.84
95.908
95.979
96.027
96.098
96.165
96.231
96.292
96.361
96.422
96.475
96.535
96.6
96.658
96.719
96.768
96.826
96.884
96.945
97.003
97.058
97.101
97.166
97.224
97.282
97.345
97.401
97.466
97.514
97.563
97.612
97.665
97.723
97.777
97.821
97.885
97.948
98.007
98.065
98.102
98.161
98.228
98.294
98.349
98.398
98.439
98.492
98.582
98.622
98.657
98.724
98.773
98.82
98.868
98.924
98.985
99.048
99.078
99.1
99.136
99.205
99.275
99.341
99.391
99.423
99.463
99.51
99.561
99.582
99.637
99.689
99.715
99.765
99.82
99.86
99.905
99.95
100.005
