64.024
64.047
63.765
0
0
75.581
75.128
74.155
75.227
74.832
74.515
74.715
74.403
74.443
74.394
74.449
74.435
74.449
74.33
74.376
74.368
74.374
74.368
74.387
74.399
74.42
74.475
74.435
74.409
74.408
74.428
74.377
74.348
74.377
74.39
74.342
74.345
74.316
74.3
74.307
74.257
74.225
74.199
74.196
74.164
74.098
74.019
73.982
73.938
73.865
73.801
73.721
73.659
73.604
73.518
73.448
73.36
73.276
73.184
73.103
73.003
72.94
72.896
72.829
72.771
72.688
72.624
72.566
72.54
72.501
72.444
72.395
72.321
72.302
72.266
72.224
72.176
72.171
72.131
72.093
72.063
72.049
72.054
71.985
71.964
71.928
71.898
71.849
71.886
71.88
71.898
71.852
71.786
71.806
71.782
71.825
71.791
71.823
71.815
71.861
71.872
71.873
71.974
71.925
71.93
71.968
72.037
72.076
72.061
72.118
72.191
72.174
72.249
72.272
72.327
72.301
72.211
72.205
72.191
72.285
72.296
72.311
72.308
72.395
72.324
72.406
72.478
72.621
72.581
72.743
72.745
72.85
73.065
73.25
73.331
73.506
73.715
73.967
74.167
74.345
74.631
74.907
75.108
75.4
75.745
76.14
76.372
76.643
76.788
77.057
77.423
77.972
78.29
78.51
78.81
79.086
79.257
79.611
79.767
80.042
80.316
80.603
80.827
81.026
81.081
81.38
81.685
81.866
82.242
82.471
82.6
82.928
83.073
83.185
83.437
84.035
84.442
84.624
84.784
85.046
85.172
85.31
85.587
85.777
85.814
85.982
86.072
86.171
86.308
86.383
86.545
86.627
86.763
86.836
86.937
87.003
87.164
87.294
87.419
87.506
87.553
87.617
87.762
87.843
87.955
88.014
88.109
88.234
88.342
88.429
88.469
88.57
88.657
88.76
88.863
88.943
89.038
89.12
89.188
89.268
89.355
89.439
89.493
89.566
89.638
89.713
89.789
89.879
89.915
90.024
90.08
90.149
90.202
90.295
90.356
90.401
90.506
90.552
90.643
90.707
90.746
90.794
90.862
90.93
90.997
91.066
91.129
91.167
91.229
91.29
91.348
91.42
91.472
91.508
91.534
91.615
91.679
91.734
91.786
91.852
91.891
91.949
91.983
92.047
92.091
92.149
92.195
92.238
92.287
92.342
92.41
92.458
92.494
92.525
92.581
92.636
92.677
92.717
92.757
92.813
92.839
92.888
92.94
92.986
93.044
93.073
93.12
93.166
93.213
93.25
93.295
93.341
93.399
93.44
93.48
93.529
93.573
93.617
93.645
93.677
93.715
93.744
93.781
93.816
93.846
93.89
93.935
93.962
93.994
94.014
94.064
94.102
94.128
94.176
94.215
94.252
94.283
94.33
94.36
94.397
94.434
94.47
94.505
94.534
94.557
94.597
94.646
94.678
94.691
94.734
94.762
94.797
94.826
94.867
94.899
94.922
94.955
94.994
95.035
95.07
95.097
95.128
95.157
95.192
95.23
95.259
95.32
95.378
95.399
95.433
95.454
95.476
95.515
95.549
95.573
95.596
95.613
95.642
95.674
95.694
95.709
95.747
95.77
95.798
95.815
95.842
95.865
95.882
95.903
95.926
95.941
95.963
95.987
95.998
96.024
96.039
96.056
96.072
96.088
96.109
96.124
96.149
96.17
96.19
96.208
96.23
96.254
96.275
96.289
96.306
96.329
96.352
96.37
96.387
96.404
96.419
96.443
96.46
96.477
96.484
96.509
96.538
96.547
96.565
96.59
96.611
96.635
96.638
96.657
96.683
96.7
96.713
96.742
96.754
96.764
96.796
96.811
96.832
96.849
96.86
96.87
96.893
96.913
96.933
96.954
96.967
96.982
97.008
97.023
97.047
97.063
97.067
97.09
97.112
97.122
97.154
97.159
97.176
97.194
97.208
97.232
97.246
97.276
97.298
97.31
97.324
97.346
97.363
97.383
97.395
97.411
97.421
97.435
97.45
97.459
97.469
97.485
97.502
97.516
97.52
97.531
97.548
97.557
97.577
97.591
97.601
97.603
97.626
97.635
97.65
97.67
97.685
97.696
97.708
97.719
97.733
97.746
97.76
97.781
97.792
97.807
97.824
97.833
97.852
97.864
97.871
97.881
97.902
97.917
97.945
97.957
97.958
97.964
97.974
97.998
97.995
98.01
98.038
98.048
98.064
98.065
98.085
98.099
98.105
98.114
98.132
98.145
98.161
98.177
98.183
98.184
98.213
98.221
98.224
98.245
98.25
98.256
98.268
98.271
98.286
98.305
98.318
98.334
98.344
98.346
98.361
98.367
98.367
98.383
98.389
98.41
98.418
98.433
98.436
98.459
98.477
98.483
98.489
98.489
98.492
98.506
98.512
98.526
98.549
98.547
98.557
98.567
98.572
98.575
98.587
98.615
98.621
98.625
98.631
98.645
98.669
98.683
98.688
98.683
98.689
98.711
98.724
98.735
98.752
98.763
98.778
98.781
98.785
98.804
98.814
98.834
98.843
98.849
98.857
98.875
98.886
98.897
98.894
98.898
98.912
98.941
98.959
98.961
98.976
98.972
98.987
98.984
98.994
99.014
99.025
99.036
99.049
99.062
99.069
99.078
99.078
99.095
99.095
99.106
99.109
99.115
99.126
99.138
99.149
99.15
99.165
99.193
99.19
99.178
99.194
99.193
99.211
99.225
99.232
99.232
99.237
99.255
99.245
99.252
99.249
99.268
99.281
99.297
99.297
99.287
99.3
99.306
99.306
99.316
99.336
99.329
99.336
99.339
99.341
99.341
99.336
99.348
99.35
99.358
99.387
99.388
99.388
99.376
99.385
99.39
99.4
99.413
99.417
99.417
99.417
99.426
99.437
99.44
99.452
99.466
99.469
99.481
99.467
99.484
99.481
99.486
99.495
99.501
99.506
99.5
99.501
99.504
99.532
99.529
99.536
99.547
99.544
99.544
99.548
99.554
99.554
99.57
99.583
99.576
99.586
99.59
99.59
99.594
99.596
99.609
99.609
99.609
99.606
99.622
99.632
99.625
99.626
99.626
99.637
99.637
99.651
99.646
99.649
99.646
99.652
99.672
99.66
99.667
99.666
99.669
99.672
99.672
99.677
99.677
99.673
99.667
99.673
99.686
99.692
99.687
99.68
99.683
99.683
99.677
99.69
99.692
99.681
99.696
99.693
99.675
99.678
99.68
99.677
99.678
99.686
99.687
99.673
99.669
99.67
99.661
99.66
99.657
99.651
99.643
99.632
99.625
99.614
99.608
99.611
99.605
99.596
99.59
99.585
99.573
99.573
99.567
99.561
99.548
99.539
99.532
99.516
99.506
99.496
99.466
99.46
99.443
99.426
99.413
99.394
99.39
99.371
99.355
99.344
99.332
99.333
99.344
99.338
99.329
99.345
99.348
99.361
99.371
99.377
99.399
99.409
99.423
99.438
99.452
99.474
99.483
99.498
99.516
99.538
99.554
99.577
99.59
99.617
99.631
99.648
99.663
99.684
99.702
99.724
99.744
99.763
99.78
99.797
99.818
99.837
99.852
99.857
99.883
99.899
99.911
99.919
99.928
99.936
99.944
99.965
99.966
99.989
99.997
99.998
100.021
100.021
100.026
100.029
100.037
100.04
100.043
100.046
100.049
100.05
100.06
100.066
100.063
100.066
100.076
100.085
100.089
100.082
100.072
100.085
100.079
100.09
100.084
100.092
100.09
100.085
100.084
100.089
100.089
100.092
100.084
100.082
100.076
100.079
100.078
100.079
100.063
100.061
100.067
100.066
100.069
100.064
100.072
100.064
100.061
100.047
100.046
100.044
100.035
100.029
100.047
100.05
100.049
100.047
100.032
100.034
100.035
100.044
100.052
100.034
100.024
100.023
100.053
100.046
100.017
100.038
100.034
100.035
100.034
100.026
100.037
100.052
100.032
100.005
99.995
100.012
100.031
100.047
100.037
100.017
99.998
100.002
99.994
99.989
99.983
99.995
99.979
99.979
99.98
99.968
99.977
99.969
99.986
