5.898
6.062
6.046
0
0
6.995
6.931
6.86
6.947
6.868
6.804
6.851
6.819
6.807
6.773
6.831
6.804
6.836
6.841
6.799
6.79
6.767
6.789
6.799
6.786
6.773
6.775
6.72
6.699
6.7
6.7
6.691
6.656
6.648
6.621
6.606
6.589
6.548
6.531
6.491
6.462
6.416
6.415
6.378
6.34
6.303
6.261
6.221
6.171
6.119
6.065
6.026
5.981
5.939
5.87
5.821
5.783
5.724
5.661
5.64
5.592
5.545
5.487
5.457
5.431
5.397
5.368
5.339
5.334
5.295
5.276
5.261
5.254
5.231
5.237
5.232
5.241
5.228
5.212
5.234
5.219
5.208
5.214
5.199
5.205
5.223
5.24
5.217
5.226
5.24
5.255
5.27
5.272
5.333
5.302
5.341
5.338
5.336
5.38
5.418
5.44
5.476
5.505
5.571
5.583
5.649
5.623
5.672
5.75
5.786
5.838
5.862
5.882
5.933
5.991
6.03
6.001
6.105
6.125
6.145
6.163
6.239
6.277
6.294
6.406
6.464
6.491
6.577
6.624
6.702
6.841
6.987
7.179
7.32
7.484
7.663
7.904
8.119
8.473
8.696
8.969
9.331
9.683
10.03
10.446
10.698
11.189
11.566
11.871
12.279
12.718
13.522
14.159
14.54
15.027
15.442
15.9
16.307
16.815
17.294
17.738
18.114
18.527
19.022
19.464
19.936
20.471
20.917
21.32
21.869
22.305
22.763
23.242
23.703
24.229
25.523
26.445
26.93
27.368
27.895
28.326
28.844
29.277
29.768
30.147
30.626
31.076
31.558
31.981
32.381
32.848
33.305
33.763
34.2
34.65
35.051
35.44
35.86
36.272
36.665
37.067
37.459
37.869
38.249
38.618
38.977
39.336
39.732
40.076
40.411
40.8
41.185
41.518
41.869
42.227
42.599
42.949
43.28
43.642
43.974
44.327
44.656
44.992
45.338
45.631
45.95
46.306
46.696
47.012
47.339
47.632
47.96
48.257
48.584
48.889
49.199
49.516
49.812
50.133
50.427
50.745
51.031
51.326
51.639
51.935
52.24
52.525
52.798
53.082
53.358
53.63
53.909
54.178
54.428
54.683
54.948
55.215
55.463
55.722
55.989
56.244
56.491
56.754
57.014
57.277
57.544
57.767
58.028
58.284
58.527
58.771
58.997
59.241
59.467
59.703
59.941
60.162
60.396
60.623
60.847
61.078
61.305
61.534
61.758
61.984
62.216
62.447
62.675
62.888
63.12
63.356
63.574
63.794
64.005
64.212
64.418
64.622
64.822
64.998
65.19
65.378
65.556
65.741
65.93
66.112
66.277
66.466
66.637
66.811
66.995
67.188
67.365
67.545
67.732
67.912
68.094
68.275
68.449
68.62
68.794
68.974
69.154
69.322
69.492
69.658
69.827
70.003
70.169
70.322
70.49
70.662
70.824
70.978
71.143
71.309
71.474
71.623
71.794
71.98
72.134
72.292
72.446
72.598
72.768
72.92
73.064
73.311
73.566
73.694
73.84
73.975
74.101
74.234
74.376
74.519
74.646
74.777
74.915
75.053
75.182
75.299
75.443
75.581
75.72
75.853
75.98
76.108
76.231
76.358
76.497
76.611
76.73
76.86
76.973
77.1
77.213
77.33
77.448
77.567
77.682
77.798
77.914
78.029
78.145
78.265
78.38
78.491
78.61
78.729
78.847
78.958
79.085
79.189
79.305
79.41
79.517
79.633
79.745
79.843
79.951
80.052
80.164
80.266
80.367
80.473
80.579
80.682
80.774
80.875
80.983
81.087
81.171
81.282
81.383
81.48
81.583
81.682
81.783
81.874
81.973
82.062
82.156
82.257
82.347
82.439
82.538
82.626
82.718
82.817
82.909
82.994
83.081
83.18
83.272
83.365
83.467
83.563
83.65
83.745
83.839
83.934
84.019
84.114
84.21
84.296
84.38
84.465
84.538
84.625
84.7
84.781
84.846
84.918
84.996
85.062
85.13
85.208
85.28
85.358
85.425
85.497
85.577
85.641
85.716
85.794
85.864
85.925
86.012
86.081
86.147
86.226
86.31
86.369
86.443
86.508
86.578
86.652
86.725
86.801
86.873
86.945
87.021
87.082
87.157
87.236
87.303
87.375
87.444
87.512
87.585
87.656
87.712
87.784
87.849
87.926
87.991
88.043
88.11
88.179
88.246
88.298
88.361
88.431
88.489
88.553
88.62
88.686
88.748
88.814
88.878
88.933
89
89.058
89.117
89.178
89.233
89.284
89.351
89.406
89.462
89.517
89.568
89.619
89.68
89.734
89.79
89.845
89.9
89.961
90.013
90.077
90.117
90.179
90.244
90.3
90.353
90.404
90.448
90.494
90.538
90.587
90.639
90.692
90.75
90.796
90.849
90.895
90.947
90.993
91.048
91.119
91.154
91.199
91.248
91.301
91.356
91.418
91.469
91.505
91.557
91.618
91.666
91.716
91.762
91.814
91.873
91.908
91.942
92.001
92.052
92.11
92.155
92.204
92.249
92.3
92.352
92.393
92.432
92.484
92.531
92.577
92.632
92.68
92.729
92.761
92.816
92.851
92.889
92.94
92.978
93.024
93.063
93.111
93.158
93.202
93.239
93.282
93.317
93.364
93.407
93.452
93.495
93.53
93.57
93.61
93.671
93.713
93.736
93.765
93.813
93.826
93.883
93.93
93.958
93.99
94.025
94.077
94.096
94.119
94.164
94.214
94.249
94.286
94.324
94.357
94.397
94.424
94.45
94.485
94.54
94.56
94.583
94.633
94.658
94.704
94.72
94.749
94.763
94.794
94.841
94.873
94.923
94.948
94.974
94.995
95.035
95.064
95.097
95.125
95.16
95.197
95.216
95.267
95.311
95.337
95.369
95.396
95.419
95.453
95.483
95.512
95.543
95.573
95.605
95.628
95.665
95.683
95.735
95.764
95.798
95.836
95.871
95.894
95.905
95.941
95.969
96.004
96.033
96.06
96.095
96.124
96.144
96.159
96.194
96.231
96.246
96.275
96.301
96.333
96.361
96.376
96.405
96.431
96.466
96.49
96.516
96.539
96.568
96.596
96.617
96.642
96.661
96.687
96.71
96.733
96.75
96.777
96.811
96.826
96.851
96.867
96.889
96.918
96.935
96.954
96.971
96.989
97.005
97.018
97.04
97.067
97.076
97.105
97.122
97.127
97.141
97.162
97.18
97.191
97.206
97.229
97.229
97.238
97.255
97.258
97.27
97.273
97.281
97.29
97.285
97.299
97.302
97.301
97.311
97.304
97.308
97.314
97.318
97.316
97.316
97.324
97.331
97.328
97.328
97.324
97.313
97.299
97.299
97.282
97.272
97.256
97.244
97.232
97.209
97.197
97.185
97.168
97.174
97.173
97.176
97.202
97.215
97.226
97.261
97.287
97.321
97.35
97.375
97.423
97.464
97.502
97.543
97.585
97.62
97.664
97.707
97.748
97.804
97.844
97.89
97.937
97.987
98.027
98.071
98.126
98.178
98.222
98.273
98.32
98.372
98.415
98.459
98.497
98.547
98.596
98.625
98.668
98.711
98.74
98.781
98.808
98.846
98.874
98.907
98.944
98.987
99.016
99.04
99.078
99.103
99.12
99.155
99.178
99.203
99.222
99.239
99.258
99.28
99.303
99.321
99.329
99.345
99.379
99.399
99.411
99.422
99.419
99.446
99.466
99.474
99.489
99.504
99.515
99.518
99.535
99.547
99.553
99.565
99.567
99.579
99.588
99.597
99.597
99.608
99.606
99.615
99.62
99.626
99.646
99.648
99.663
99.667
99.677
99.673
99.681
99.695
99.69
99.692
99.701
99.716
99.728
99.744
99.724
99.731
99.753
99.773
99.782
99.777
99.785
99.796
99.828
99.826
99.812
99.834
99.854
99.852
99.849
99.861
99.892
99.901
99.892
99.87
99.875
99.89
99.918
99.945
99.957
99.944
99.936
99.948
99.945
99.928
99.948
99.971
99.956
99.957
99.966
99.96
99.985
99.98
99.998
