2.391
2.423
2.388
0
0
2.742
2.705
2.733
2.672
2.655
2.55
2.666
2.666
2.669
2.65
2.654
2.64
2.641
2.661
2.657
2.647
2.643
2.644
2.654
2.657
2.635
2.647
2.623
2.638
2.612
2.647
2.614
2.603
2.612
2.594
2.583
2.565
2.542
2.545
2.541
2.518
2.51
2.489
2.469
2.451
2.444
2.409
2.374
2.37
2.333
2.332
2.313
2.284
2.255
2.231
2.216
2.184
2.15
2.124
2.122
2.1
2.083
2.06
2.028
2.019
2.014
2.016
1.997
1.988
1.974
1.982
1.976
1.959
1.964
1.961
1.949
1.979
1.964
1.993
2.008
1.965
1.968
1.984
2.017
2.016
2.036
2.049
2.016
2.045
2.048
2.011
2.068
2.081
2.089
2.103
2.138
2.164
2.174
2.19
2.214
2.248
2.263
2.309
2.341
2.307
2.364
2.397
2.455
2.449
2.542
2.553
2.579
2.615
2.663
2.678
2.705
2.73
2.791
2.829
2.852
2.872
2.914
2.962
2.994
3.081
3.111
3.156
3.215
3.31
3.394
3.503
3.593
3.743
3.88
4.031
4.172
4.381
4.625
4.865
5.075
5.331
5.641
6.006
6.296
6.583
6.956
7.289
7.579
8.026
8.415
8.804
9.544
10.202
10.561
11.031
11.586
11.884
12.361
12.735
13.274
13.736
14.323
14.799
15.17
15.61
16.205
16.669
17.215
17.712
18.246
18.666
19.212
19.656
20.222
20.7
22.008
23.068
23.662
24.118
24.666
25.188
25.7
26.21
26.697
27.213
27.692
28.194
28.705
29.181
29.7
30.183
30.705
31.206
31.657
32.138
32.591
33.076
33.514
33.968
34.428
34.851
35.335
35.747
36.18
36.606
36.992
37.413
37.834
38.231
38.632
39.05
39.449
39.841
40.251
40.636
41.052
41.451
41.829
42.218
42.621
42.996
43.381
43.732
44.115
44.469
44.812
45.222
45.645
46.005
46.361
46.701
47.041
47.395
47.751
48.079
48.436
48.792
49.139
49.493
49.817
50.177
50.505
50.838
51.169
51.497
51.817
52.139
52.451
52.776
53.075
53.377
53.679
53.976
54.277
54.558
54.839
55.148
55.431
55.705
55.998
56.274
56.557
56.831
57.126
57.414
57.698
57.956
58.243
58.521
58.778
59.055
59.315
59.567
59.827
60.098
60.339
60.593
60.843
61.089
61.345
61.591
61.841
62.088
62.334
62.585
62.823
63.068
63.327
63.565
63.809
64.052
64.288
64.536
64.771
64.996
65.218
65.433
65.649
65.842
66.048
66.245
66.438
66.644
66.841
67.035
67.229
67.43
67.618
67.799
67.984
68.198
68.388
68.575
68.771
68.961
69.154
69.357
69.545
69.719
69.917
70.103
70.288
70.47
70.656
70.828
71.014
71.193
71.361
71.523
71.707
71.887
72.055
72.22
72.394
72.568
72.739
72.914
73.082
73.273
73.441
73.604
73.767
73.929
74.095
74.254
74.408
74.67
74.934
75.072
75.218
75.357
75.496
75.635
75.778
75.917
76.054
76.195
76.331
76.474
76.611
76.74
76.88
77.023
77.168
77.301
77.437
77.568
77.705
77.835
77.966
78.091
78.217
78.345
78.459
78.583
78.708
78.822
78.937
79.057
79.179
79.305
79.427
79.543
79.659
79.779
79.906
80.026
80.151
80.261
80.376
80.498
80.617
80.731
80.844
80.951
81.062
81.181
81.279
81.381
81.494
81.602
81.705
81.808
81.921
82.028
82.126
82.234
82.321
82.419
82.535
82.637
82.739
82.837
82.938
83.038
83.147
83.24
83.345
83.438
83.528
83.623
83.719
83.81
83.914
84.004
84.09
84.187
84.283
84.372
84.465
84.564
84.642
84.74
84.839
84.926
85.027
85.12
85.214
85.306
85.4
85.493
85.58
85.677
85.767
85.857
85.939
86.023
86.09
86.18
86.249
86.33
86.407
86.481
86.549
86.612
86.679
86.758
86.833
86.905
86.964
87.035
87.109
87.177
87.244
87.321
87.392
87.454
87.54
87.605
87.671
87.749
87.817
87.881
87.959
88.023
88.086
88.159
88.228
88.297
88.371
88.435
88.506
88.564
88.644
88.722
88.78
88.853
88.921
88.992
89.066
89.131
89.189
89.249
89.304
89.377
89.438
89.503
89.569
89.629
89.69
89.738
89.804
89.87
89.926
89.98
90.048
90.103
90.16
90.221
90.276
90.327
90.402
90.453
90.508
90.569
90.62
90.672
90.736
90.788
90.837
90.895
90.952
91
91.057
91.101
91.154
91.206
91.26
91.312
91.357
91.414
91.461
91.521
91.571
91.624
91.681
91.728
91.78
91.829
91.872
91.908
91.953
92.01
92.068
92.114
92.159
92.209
92.247
92.291
92.343
92.395
92.442
92.493
92.537
92.581
92.642
92.691
92.726
92.76
92.801
92.857
92.9
92.938
92.986
93.037
93.086
93.115
93.152
93.205
93.248
93.298
93.336
93.378
93.427
93.466
93.515
93.553
93.585
93.629
93.675
93.73
93.781
93.82
93.863
93.884
93.922
93.956
93.996
94.04
94.081
94.122
94.157
94.199
94.24
94.272
94.305
94.348
94.377
94.42
94.463
94.499
94.53
94.566
94.598
94.633
94.682
94.725
94.751
94.801
94.832
94.841
94.885
94.919
94.945
94.98
95.012
95.059
95.07
95.108
95.129
95.174
95.207
95.238
95.265
95.294
95.332
95.372
95.392
95.418
95.462
95.488
95.508
95.54
95.57
95.596
95.609
95.642
95.667
95.706
95.743
95.786
95.815
95.827
95.862
95.886
95.944
95.966
95.982
95.998
96.016
96.049
96.078
96.097
96.132
96.178
96.205
96.227
96.243
96.266
96.286
96.312
96.349
96.373
96.405
96.416
96.445
96.461
96.509
96.529
96.547
96.577
96.602
96.625
96.64
96.669
96.69
96.71
96.744
96.767
96.79
96.812
96.834
96.851
96.886
96.912
96.93
96.96
96.971
96.999
97.023
97.031
97.049
97.067
97.095
97.122
97.139
97.151
97.18
97.211
97.22
97.241
97.255
97.284
97.295
97.318
97.339
97.365
97.385
97.401
97.417
97.426
97.452
97.476
97.491
97.504
97.528
97.551
97.556
97.575
97.589
97.607
97.621
97.659
97.682
97.679
97.685
97.701
97.714
97.729
97.751
97.768
97.774
97.795
97.815
97.82
97.833
97.845
97.853
97.864
97.868
97.882
97.897
97.903
97.916
97.928
97.934
97.951
97.96
97.964
97.968
97.983
97.993
98.001
98.01
98.027
98.035
98.036
98.047
98.036
98.042
98.053
98.051
98.053
98.053
98.064
98.068
98.073
98.085
98.088
98.102
98.123
98.122
98.135
98.169
98.183
98.207
98.216
98.238
98.271
98.293
98.311
98.332
98.364
98.384
98.415
98.439
98.457
98.492
98.512
98.544
98.563
98.592
98.618
98.633
98.656
98.689
98.718
98.749
98.772
98.795
98.817
98.845
98.869
98.894
98.921
98.938
98.967
98.981
98.993
99.019
99.046
99.055
99.069
99.101
99.115
99.138
99.159
99.168
99.194
99.222
99.22
99.24
99.248
99.265
99.274
99.29
99.304
99.318
99.333
99.342
99.356
99.361
99.388
99.405
99.411
99.419
99.42
99.438
99.446
99.464
99.474
99.489
99.496
99.5
99.513
99.521
99.53
99.539
99.547
99.55
99.556
99.571
99.577
99.585
99.58
99.591
99.603
99.615
99.628
99.632
99.646
99.651
99.66
99.652
99.657
99.669
99.672
99.673
99.69
99.709
99.712
99.738
99.716
99.727
99.745
99.762
99.768
99.768
99.763
99.773
99.817
99.815
99.799
99.814
99.823
99.826
99.829
99.847
99.864
99.889
99.864
99.85
99.843
99.86
99.898
99.927
99.919
99.918
99.911
99.922
99.916
99.902
99.921
99.94
99.931
99.931
99.939
99.944
99.963
99.956
99.982
