108.769
108.553
108.232
0
0
102.22
101.732
100.455
101.768
101.242
101.062
101.178
100.737
100.9
100.78
100.833
100.754
100.702
100.711
100.632
100.464
100.424
100.356
100.308
100.246
100.166
100.134
99.988
99.844
99.786
99.753
99.603
99.559
99.564
99.495
99.4
99.353
99.275
99.263
99.249
99.254
99.205
99.19
99.202
99.146
99.165
99.158
99.185
99.171
99.158
99.176
99.182
99.223
99.22
99.252
99.268
99.287
99.265
99.28
99.283
99.266
99.295
99.359
99.294
99.326
99.39
99.379
99.321
99.306
99.324
99.367
99.374
99.336
99.28
99.335
99.358
99.326
99.301
99.292
99.356
99.347
99.361
99.374
99.359
99.31
99.413
99.4
99.406
99.408
99.405
99.49
99.434
99.405
99.438
99.466
99.451
99.443
99.434
99.509
99.492
99.438
99.487
99.533
99.542
99.521
99.486
99.548
99.434
99.455
99.59
99.553
99.559
99.487
99.49
99.475
99.661
99.646
99.596
99.599
99.545
99.586
99.663
99.585
99.6
99.557
99.661
99.623
99.594
99.637
99.655
99.661
99.698
99.707
99.686
99.77
99.631
99.631
99.709
99.733
99.611
99.754
99.623
99.739
99.69
99.751
99.858
99.76
99.794
99.687
99.831
99.814
100.166
99.945
99.991
99.887
100.104
100.032
100.002
100.047
99.997
99.96
99.963
100.05
99.979
99.759
99.983
99.883
99.948
99.928
100.108
100.092
100.186
100.081
100.011
100.143
100.33
100.204
100.349
100.385
100.423
100.452
100.301
100.461
100.4
100.356
100.397
100.278
100.319
100.284
100.223
100.15
100.168
100.163
100.174
100.15
100.073
100.078
100.017
100.012
100.012
99.948
99.986
99.966
99.916
99.951
99.966
99.953
99.936
99.91
99.902
99.969
99.931
99.905
99.879
99.872
99.872
99.89
99.855
99.831
99.861
99.835
99.817
99.814
99.835
99.796
99.802
99.889
99.881
99.828
99.823
99.791
99.82
99.783
99.77
99.792
99.799
99.817
99.785
99.805
99.823
99.8
99.811
99.805
99.782
99.786
99.805
99.796
99.777
99.791
99.78
99.797
99.803
99.797
99.76
99.768
99.773
99.776
99.783
99.776
99.76
99.779
99.765
99.762
99.759
99.756
99.762
99.759
99.753
99.767
99.765
99.767
99.786
99.777
99.77
99.792
99.782
99.768
99.765
99.773
99.78
99.771
99.782
99.776
99.77
99.786
99.797
99.789
99.78
99.779
99.794
99.785
99.789
99.799
99.803
99.805
99.826
99.815
99.803
99.803
99.811
99.815
99.808
99.814
99.817
99.809
99.815
99.808
99.815
99.805
99.803
99.826
99.828
99.825
99.821
99.817
99.837
99.831
99.829
99.831
99.823
99.829
99.838
99.847
99.84
99.852
99.847
99.855
99.855
99.861
99.869
99.872
99.883
99.876
99.869
99.867
99.864
99.873
99.89
99.896
99.898
99.91
99.913
99.889
99.902
99.898
99.899
99.931
99.902
99.896
99.899
99.899
99.908
99.918
99.916
99.921
99.918
99.924
99.919
99.922
99.908
99.905
99.918
99.931
99.937
99.931
99.931
99.927
99.922
99.928
99.937
99.925
99.927
99.934
99.925
99.91
99.913
99.91
99.907
99.908
99.91
99.908
99.895
99.898
99.908
99.907
99.904
99.911
99.908
99.898
99.895
99.893
99.899
99.901
99.899
99.884
99.896
99.899
99.902
99.898
99.895
99.896
99.899
99.898
99.905
99.908
99.913
99.919
99.905
99.901
99.904
99.916
99.901
99.91
99.907
99.902
99.916
99.921
99.924
99.919
99.915
99.913
99.927
99.921
99.925
99.921
99.927
99.93
99.936
99.944
99.947
99.948
99.936
99.944
99.947
99.944
99.95
99.944
99.947
99.945
99.947
99.96
99.965
99.98
99.983
99.986
99.998
100.003
100
100.012
100.011
100.017
100.008
100.011
100.012
100.018
100.002
100.011
100.012
100.008
100.002
100.003
100.011
99.992
100.006
100.009
100.002
99.991
100.005
100.003
100.002
100.011
100.012
100.011
100.017
100.017
100.02
100.015
100.012
100.018
100.015
100.02
100.021
100.021
100.023
100.029
100.032
100.024
100.026
100.035
100.047
100.04
100.038
100.05
100.037
100.047
100.046
100.043
100.047
100.046
100.047
100.05
100.046
100.058
100.063
100.055
100.056
100.061
100.07
100.067
100.056
100.058
100.072
100.067
100.064
100.076
100.085
100.084
100.079
100.07
100.076
100.075
100.072
100.072
100.082
100.073
100.078
100.079
100.076
100.081
100.085
100.078
100.081
100.082
100.072
100.067
100.082
100.087
100.067
100.067
100.058
100.063
100.049
100.053
100.064
100.076
100.072
100.069
100.073
100.076
100.076
100.085
100.089
100.081
100.09
100.101
100.11
100.113
100.11
100.114
100.117
100.121
100.14
100.14
100.14
100.143
100.153
100.15
100.15
100.157
100.166
100.175
100.186
100.189
100.189
100.186
100.186
100.189
100.192
100.198
100.201
100.211
100.209
100.218
100.224
100.221
100.232
100.215
100.217
100.223
100.227
100.229
100.232
100.233
100.241
100.25
100.243
100.243
100.249
100.253
100.261
100.262
100.27
100.259
100.253
100.266
100.278
100.272
100.259
100.267
100.276
100.266
100.282
100.281
100.278
100.273
100.275
100.287
100.272
100.281
100.273
100.279
100.272
100.275
100.269
100.262
100.278
100.27
100.267
100.267
100.258
100.259
100.264
100.272
100.255
100.233
100.217
100.227
100.235
100.232
100.233
100.227
100.235
100.221
100.226
100.217
100.215
100.215
100.218
100.217
100.224
100.226
100.23
100.229
100.24
100.244
100.238
100.238
100.235
100.235
100.243
100.256
100.25
100.255
100.25
100.267
100.264
100.252
100.262
100.261
100.25
100.252
100.264
100.264
100.253
100.262
100.262
100.272
100.279
100.282
100.29
100.282
100.278
100.273
100.273
100.269
100.269
100.27
100.275
100.288
100.285
100.276
100.276
100.266
100.259
100.278
100.27
100.276
100.281
100.276
100.272
100.275
100.269
100.27
100.249
100.261
100.255
100.247
100.25
100.24
100.244
100.247
100.244
100.24
100.224
100.214
100.206
100.203
100.197
100.185
100.186
100.182
100.171
100.162
100.148
100.139
100.131
100.117
100.11
100.098
100.079
100.067
100.041
100.018
100.015
99.997
99.973
99.959
99.922
99.911
99.896
99.86
99.834
99.814
99.782
99.754
99.724
99.698
99.675
99.651
99.612
99.583
99.568
99.532
99.483
99.457
99.426
99.391
99.35
99.3
99.248
99.202
99.155
99.095
99.04
99.001
98.956
98.897
98.878
98.849
98.831
98.83
98.84
98.842
98.859
98.866
98.886
98.915
98.938
98.965
99.002
99.031
99.069
99.107
99.136
99.188
99.222
99.265
99.309
99.35
99.397
99.443
99.487
99.532
99.571
99.615
99.672
99.719
99.768
99.814
99.852
99.898
99.944
99.982
100.017
100.05
100.075
100.122
100.159
100.186
100.22
100.252
100.279
100.294
100.32
100.337
100.374
100.397
100.404
100.426
100.443
100.447
100.456
100.475
100.494
100.494
100.505
100.519
100.525
100.523
100.529
100.534
100.542
100.554
100.555
100.545
100.539
100.533
100.543
100.54
100.536
100.528
100.531
100.519
100.514
100.508
100.507
100.488
100.49
100.487
100.475
100.465
100.467
100.455
100.444
100.432
100.423
100.414
100.406
100.4
100.397
100.395
100.377
100.362
100.343
100.333
100.331
100.316
100.296
100.293
100.294
100.288
100.29
100.27
100.269
100.253
100.256
100.258
100.238
100.223
100.232
100.252
100.235
100.191
100.192
100.198
100.18
100.175
100.169
100.182
100.168
100.146
100.124
100.108
100.113
100.124
100.143
100.11
100.102
100.085
100.067
100.056
100.018
100.018
100.015
99.994
99.986
99.992
99.969
99.976
99.957
99.977
