95.895
95.992
95.932
0
0
90.939
90.608
89.42
90.578
90.193
90.143
90.23
89.999
90.236
90.25
90.279
90.347
90.431
90.477
90.518
90.44
90.498
90.479
90.471
90.439
90.456
90.508
90.457
90.445
90.41
90.474
90.437
90.44
90.486
90.503
90.436
90.417
90.466
90.468
90.501
90.511
90.561
90.59
90.643
90.627
90.686
90.733
90.764
90.796
90.828
90.919
90.942
90.974
91.019
91.035
91.104
91.177
91.228
91.22
91.249
91.289
91.33
91.362
91.454
91.49
91.545
91.547
91.577
91.585
91.585
91.653
91.689
91.696
91.698
91.747
91.742
91.786
91.837
91.893
91.939
91.924
91.969
92.03
92.021
92.039
92.117
92.16
92.171
92.221
92.233
92.267
92.336
92.293
92.339
92.383
92.4
92.358
92.441
92.525
92.548
92.532
92.482
92.613
92.685
92.674
92.651
92.694
92.664
92.688
92.831
92.842
92.868
92.908
92.894
92.842
92.993
92.978
92.998
93.083
93.074
93.069
93.114
93.132
93.158
93.152
93.231
93.24
93.21
93.262
93.286
93.48
93.376
93.466
93.408
93.507
93.43
93.439
93.55
93.535
93.454
93.559
93.625
93.62
93.575
93.701
93.759
93.779
93.825
93.658
93.721
93.953
94.199
93.848
93.89
94.005
94.145
94.102
93.924
93.901
94.096
94.017
94.086
94.218
94.162
94.025
94.281
94.089
94.385
94.211
94.38
94.536
94.479
94.495
94.443
94.415
94.652
94.568
94.649
94.647
94.783
94.847
94.753
94.835
94.85
94.868
94.916
94.908
94.774
94.835
94.807
94.838
94.815
94.887
94.858
94.829
94.894
94.855
94.862
94.803
94.843
94.852
94.847
94.818
94.847
94.897
94.897
94.882
94.905
94.913
94.914
94.965
94.962
94.965
95.001
94.949
94.981
95.01
95
95.006
95.055
95.049
95.021
95.012
95.097
95.081
95.078
95.174
95.181
95.117
95.142
95.171
95.175
95.171
95.172
95.21
95.227
95.25
95.264
95.285
95.296
95.3
95.3
95.323
95.331
95.328
95.355
95.367
95.392
95.384
95.427
95.442
95.441
95.459
95.465
95.477
95.502
95.512
95.514
95.514
95.52
95.549
95.564
95.578
95.604
95.599
95.628
95.639
95.633
95.656
95.676
95.699
95.711
95.728
95.735
95.757
95.755
95.77
95.776
95.804
95.81
95.824
95.842
95.863
95.862
95.898
95.892
95.905
95.937
95.93
95.952
95.966
95.987
95.99
96.014
96.028
96.049
96.065
96.078
96.075
96.092
96.103
96.123
96.127
96.143
96.155
96.159
96.181
96.196
96.213
96.214
96.24
96.252
96.252
96.271
96.288
96.307
96.315
96.333
96.341
96.352
96.359
96.378
96.399
96.416
96.431
96.44
96.451
96.474
96.483
96.507
96.516
96.524
96.55
96.556
96.565
96.576
96.597
96.613
96.626
96.632
96.652
96.68
96.683
96.696
96.706
96.713
96.745
96.754
96.747
96.767
96.776
96.802
96.802
96.808
96.825
96.84
96.858
96.867
96.873
96.887
96.889
96.913
96.927
96.936
96.947
96.964
96.967
96.964
96.974
96.991
96.988
97.003
97.018
97.018
97.028
97.028
97.04
97.049
97.057
97.075
97.083
97.084
97.098
97.107
97.116
97.134
97.141
97.139
97.145
97.147
97.165
97.179
97.185
97.195
97.203
97.22
97.215
97.223
97.232
97.247
97.255
97.27
97.279
97.282
97.293
97.313
97.331
97.328
97.333
97.35
97.362
97.35
97.368
97.38
97.389
97.409
97.418
97.432
97.433
97.441
97.452
97.462
97.475
97.487
97.504
97.51
97.522
97.534
97.543
97.552
97.559
97.56
97.58
97.598
97.603
97.61
97.62
97.633
97.643
97.653
97.668
97.679
97.696
97.714
97.731
97.736
97.743
97.754
97.774
97.777
97.795
97.794
97.807
97.81
97.816
97.818
97.83
97.838
97.849
97.856
97.858
97.873
97.867
97.882
97.9
97.905
97.897
97.92
97.926
97.931
97.946
97.954
97.958
97.968
97.978
97.987
97.995
98.003
98.013
98.019
98.027
98.039
98.044
98.051
98.065
98.082
98.091
98.097
98.116
98.122
98.126
98.141
98.151
98.146
98.17
98.181
98.178
98.193
98.198
98.204
98.212
98.224
98.245
98.25
98.25
98.26
98.268
98.286
98.288
98.289
98.299
98.318
98.314
98.329
98.341
98.346
98.352
98.355
98.358
98.367
98.376
98.383
98.392
98.401
98.401
98.405
98.419
98.419
98.428
98.438
98.444
98.445
98.459
98.462
98.462
98.482
98.482
98.48
98.489
98.497
98.506
98.506
98.509
98.531
98.532
98.532
98.535
98.54
98.555
98.566
98.575
98.579
98.592
98.601
98.618
98.631
98.637
98.645
98.653
98.65
98.666
98.68
98.688
98.703
98.708
98.717
98.724
98.732
98.744
98.756
98.773
98.763
98.775
98.782
98.785
98.795
98.802
98.819
98.825
98.839
98.846
98.863
98.871
98.872
98.872
98.898
98.892
98.891
98.901
98.921
98.927
98.933
98.941
98.956
98.964
98.962
98.962
98.969
98.984
98.997
99.005
99.005
99.008
99.008
99.033
99.043
99.049
99.059
99.057
99.072
99.068
99.088
99.089
99.081
99.072
99.084
99.118
99.123
99.13
99.118
99.121
99.115
99.124
99.135
99.138
99.167
99.158
99.168
99.167
99.147
99.158
99.165
99.174
99.174
99.168
99.152
99.162
99.17
99.173
99.182
99.182
99.196
99.187
99.2
99.19
99.196
99.203
99.211
99.213
99.219
99.232
99.236
99.248
99.251
99.258
99.261
99.265
99.281
99.283
99.284
99.297
99.31
99.319
99.319
99.332
99.344
99.329
99.345
99.348
99.35
99.362
99.376
99.377
99.373
99.376
99.393
99.388
99.402
99.406
99.423
99.426
99.425
99.428
99.432
99.44
99.451
99.448
99.455
99.457
99.467
99.474
99.472
99.464
99.467
99.492
99.496
99.51
99.512
99.507
99.504
99.509
99.521
99.519
99.512
99.527
99.529
99.521
99.527
99.533
99.539
99.544
99.544
99.547
99.535
99.53
99.53
99.533
99.532
99.53
99.535
99.533
99.529
99.521
99.509
99.513
99.515
99.501
99.498
99.493
99.48
99.475
99.461
99.434
99.437
99.429
99.413
99.416
99.387
99.374
99.359
99.339
99.316
99.307
99.287
99.265
99.251
99.228
99.205
99.191
99.171
99.156
99.142
99.106
99.068
99.063
99.04
99.005
98.97
98.941
98.901
98.86
98.83
98.781
98.741
98.714
98.677
98.633
98.618
98.59
98.593
98.589
98.59
98.602
98.63
98.643
98.656
98.688
98.715
98.741
98.775
98.804
98.836
98.868
98.907
98.947
98.973
99.02
99.062
99.1
99.138
99.164
99.216
99.26
99.298
99.338
99.394
99.431
99.478
99.515
99.556
99.594
99.64
99.673
99.709
99.739
99.762
99.803
99.837
99.866
99.898
99.927
99.956
99.969
100
100.011
100.047
100.072
100.082
100.107
100.127
100.13
100.14
100.162
100.169
100.177
100.195
100.206
100.211
100.22
100.232
100.235
100.238
100.256
100.253
100.246
100.243
100.24
100.258
100.267
100.255
100.253
100.258
100.252
100.252
100.255
100.246
100.237
100.24
100.243
100.23
100.227
100.226
100.226
100.221
100.212
100.204
100.198
100.192
100.195
100.192
100.197
100.189
100.175
100.163
100.154
100.153
100.145
100.117
100.13
100.145
100.146
100.137
100.127
100.121
100.116
100.117
100.122
100.114
100.105
100.11
100.137
100.131
100.089
100.098
100.108
100.098
100.085
100.081
100.102
100.093
100.075
100.053
100.046
100.052
100.081
100.092
100.072
100.055
100.041
100.035
100.026
100
100.002
99.998
99.988
100.003
99.976
99.977
99.988
99.982
99.992
