75.929
75.757
75.842
0
0
71.939
71.901
71.053
72.166
72.058
72.009
72.226
72.13
72.438
72.543
72.696
72.865
73.044
73.199
73.337
73.415
73.544
73.659
73.747
73.848
73.958
74.132
74.184
74.28
74.406
74.529
74.614
74.768
74.861
75.023
75.122
75.211
75.294
75.391
75.536
75.624
75.739
75.858
75.954
76.038
76.161
76.265
76.37
76.471
76.559
76.682
76.784
76.833
76.932
77.007
77.122
77.217
77.296
77.399
77.473
77.559
77.654
77.76
77.844
77.95
78.024
78.075
78.134
78.197
78.249
78.343
78.452
78.519
78.572
78.622
78.683
78.748
78.818
78.865
78.976
79.034
79.059
79.132
79.24
79.34
79.419
79.477
79.518
79.623
79.704
79.762
79.784
79.869
79.979
80.083
80.045
80.125
80.183
80.273
80.394
80.313
80.449
80.554
80.574
80.641
80.714
80.783
80.817
80.879
80.965
80.991
81.073
81.099
81.166
81.151
81.323
81.334
81.393
81.56
81.567
81.645
81.595
81.667
81.79
81.677
81.81
81.87
81.931
81.963
82.069
82.033
82.253
82.23
82.248
82.289
82.388
82.394
82.433
82.579
82.472
82.553
82.768
82.828
82.808
82.819
82.957
83.015
82.921
82.939
83.07
83.154
83.488
83.525
83.366
83.459
83.524
83.551
83.424
83.615
83.653
83.733
83.798
83.797
83.807
83.691
83.966
84.016
83.948
84.103
84.033
84.232
84.224
84.227
84.111
84.267
84.396
84.544
84.578
84.587
84.734
84.819
84.83
84.941
84.941
84.892
85.048
85.068
85.062
85.117
85.168
85.246
85.271
85.316
85.384
85.44
85.448
85.478
85.478
85.556
85.582
85.606
85.654
85.715
85.689
85.768
85.802
85.844
85.876
85.922
85.956
86.029
86.055
86.072
86.139
86.172
86.188
86.256
86.281
86.307
86.407
86.42
86.4
86.456
86.54
86.552
86.557
86.678
86.711
86.723
86.757
86.78
86.838
86.888
86.92
86.929
87.007
87.053
87.067
87.128
87.17
87.19
87.225
87.271
87.299
87.35
87.399
87.444
87.476
87.517
87.56
87.621
87.627
87.668
87.692
87.73
87.776
87.84
87.859
87.881
87.92
87.967
87.991
88.04
88.068
88.1
88.152
88.182
88.206
88.249
88.293
88.339
88.382
88.425
88.44
88.499
88.515
88.544
88.582
88.618
88.669
88.696
88.741
88.763
88.808
88.852
88.889
88.922
88.959
88.988
89.018
89.066
89.104
89.14
89.177
89.211
89.261
89.291
89.319
89.355
89.392
89.417
89.452
89.481
89.5
89.526
89.558
89.606
89.627
89.662
89.697
89.738
89.767
89.79
89.832
89.857
89.911
89.941
89.973
90.01
90.036
90.06
90.106
90.14
90.181
90.201
90.234
90.28
90.309
90.327
90.378
90.411
90.433
90.469
90.506
90.533
90.565
90.607
90.642
90.677
90.704
90.75
90.771
90.799
90.842
90.874
90.892
90.97
91.006
91.029
91.051
91.081
91.116
91.147
91.176
91.211
91.232
91.261
91.289
91.324
91.342
91.368
91.4
91.428
91.464
91.496
91.516
91.534
91.559
91.591
91.621
91.638
91.678
91.707
91.721
91.747
91.772
91.795
91.823
91.847
91.878
91.893
91.92
91.946
91.975
92.001
92.035
92.062
92.076
92.107
92.133
92.154
92.183
92.216
92.241
92.255
92.282
92.313
92.332
92.354
92.383
92.412
92.442
92.465
92.485
92.517
92.546
92.58
92.587
92.621
92.642
92.668
92.685
92.711
92.749
92.766
92.796
92.825
92.862
92.873
92.888
92.917
92.941
92.975
92.996
93.027
93.051
93.066
93.095
93.123
93.147
93.172
93.188
93.224
93.254
93.272
93.297
93.321
93.349
93.373
93.402
93.427
93.454
93.486
93.52
93.547
93.571
93.607
93.617
93.645
93.66
93.692
93.7
93.712
93.741
93.762
93.768
93.791
93.814
93.835
93.858
93.874
93.9
93.91
93.938
93.962
93.987
93.996
94.028
94.046
94.075
94.099
94.122
94.135
94.162
94.191
94.214
94.231
94.258
94.275
94.293
94.318
94.342
94.359
94.379
94.412
94.441
94.45
94.464
94.492
94.521
94.539
94.56
94.583
94.597
94.627
94.644
94.669
94.691
94.71
94.73
94.742
94.76
94.785
94.81
94.818
94.844
94.872
94.897
94.917
94.919
94.948
94.975
94.992
95.018
95.032
95.053
95.071
95.093
95.105
95.123
95.14
95.161
95.184
95.213
95.222
95.244
95.255
95.274
95.291
95.317
95.326
95.346
95.363
95.387
95.403
95.436
95.445
95.454
95.465
95.486
95.508
95.517
95.523
95.555
95.569
95.592
95.604
95.618
95.645
95.668
95.694
95.708
95.723
95.74
95.775
95.795
95.81
95.825
95.842
95.853
95.888
95.906
95.926
95.949
95.973
95.985
96.011
96.027
96.049
96.069
96.095
96.104
96.123
96.143
96.167
96.193
96.205
96.214
96.239
96.255
96.281
96.297
96.317
96.335
96.353
96.371
96.382
96.399
96.417
96.439
96.458
96.472
96.495
96.515
96.533
96.539
96.562
96.582
96.6
96.62
96.635
96.654
96.654
96.669
96.703
96.724
96.733
96.735
96.744
96.78
96.786
96.808
96.834
96.838
96.84
96.854
96.883
96.902
96.918
96.922
96.947
96.956
96.971
96.986
97.006
97.034
97.034
97.047
97.06
97.061
97.069
97.089
97.11
97.116
97.125
97.116
97.141
97.16
97.174
97.186
97.195
97.211
97.218
97.231
97.253
97.27
97.284
97.29
97.311
97.324
97.339
97.346
97.365
97.392
97.403
97.409
97.43
97.446
97.453
97.479
97.499
97.522
97.536
97.542
97.571
97.581
97.585
97.612
97.627
97.635
97.652
97.667
97.684
97.685
97.697
97.708
97.728
97.757
97.771
97.787
97.795
97.809
97.823
97.839
97.835
97.855
97.879
97.893
97.897
97.919
97.935
97.94
97.942
97.96
97.983
97.997
98.015
98.029
98.035
98.042
98.059
98.077
98.079
98.077
98.096
98.1
98.117
98.137
98.135
98.151
98.164
98.174
98.183
98.186
98.187
98.189
98.203
98.203
98.21
98.222
98.235
98.236
98.244
98.235
98.244
98.253
98.257
98.251
98.256
98.251
98.256
98.251
98.239
98.25
98.254
98.239
98.233
98.212
98.221
98.209
98.195
98.186
98.175
98.161
98.146
98.137
98.128
98.12
98.106
98.083
98.076
98.061
98.039
98.013
98.004
97.989
97.955
97.932
97.91
97.878
97.842
97.815
97.78
97.743
97.716
97.682
97.644
97.633
97.617
97.618
97.626
97.633
97.65
97.682
97.714
97.74
97.768
97.803
97.83
97.87
97.916
97.957
98.004
98.045
98.085
98.134
98.187
98.239
98.288
98.338
98.381
98.436
98.485
98.532
98.589
98.657
98.703
98.758
98.801
98.84
98.886
98.946
98.991
99.033
99.08
99.109
99.156
99.199
99.225
99.274
99.315
99.347
99.359
99.403
99.432
99.472
99.507
99.525
99.559
99.577
99.59
99.606
99.628
99.66
99.669
99.689
99.704
99.721
99.734
99.739
99.759
99.773
99.789
99.811
99.812
99.815
99.818
99.831
99.84
99.844
99.846
99.858
99.863
99.866
99.872
99.87
99.867
99.883
99.89
99.883
99.883
99.895
99.901
99.902
99.896
99.899
99.898
99.904
99.905
99.91
99.919
99.918
99.918
99.911
99.913
99.916
99.91
99.896
99.919
99.933
99.937
99.937
99.924
99.931
99.928
99.936
99.94
99.939
99.942
99.956
99.98
99.991
99.956
99.968
99.977
99.973
99.969
99.982
100.008
100.002
99.985
99.96
99.954
99.974
100.002
100.018
100.008
99.995
99.98
99.976
99.966
99.959
99.96
99.965
99.959
99.973
99.953
99.965
99.973
99.973
99.986
