80.217
79.781
79.056
0
0
400
400
400
400
400
400
400
400
400
400
400
384.801
347.102
312.141
280.922
253.113
228.596
208.022
191.147
176.532
164.42
154.295
145.341
137.608
131.27
125.578
120.76
116.725
113.245
110.141
107.43
105.142
103.198
101.482
100.104
98.946
97.992
97.2
96.556
96.017
95.543
95.154
94.835
94.55
94.322
94.135
93.904
93.75
93.61
93.436
93.271
93.207
93.111
92.986
92.841
92.743
92.702
92.593
92.511
92.397
92.31
92.299
92.155
92.148
92.099
92.047
91.998
91.946
91.887
91.798
91.782
91.695
91.643
91.628
91.579
91.498
91.449
91.409
91.339
91.315
91.238
91.183
91.145
91.095
91.074
90.997
90.947
90.845
90.852
90.746
90.698
90.634
90.607
90.503
90.453
90.425
90.356
90.298
90.205
90.102
90.067
90.009
89.935
89.914
89.835
89.795
89.694
89.63
89.529
89.471
89.484
89.369
89.378
89.291
89.136
89.03
88.994
88.983
89.082
88.937
88.924
88.875
88.786
88.731
88.699
88.669
88.69
88.641
88.576
88.612
88.609
88.472
88.498
88.544
88.547
88.475
88.327
88.277
88.298
88.223
88.225
88.353
88.237
88.327
88.24
88.203
88.116
88.2
88.078
88.116
88
88.039
88.026
87.959
88.06
88.043
87.964
87.953
87.895
87.689
87.854
87.788
87.842
87.971
87.941
87.877
87.996
87.938
87.944
87.794
87.721
87.796
87.84
87.698
87.747
87.828
87.767
87.794
87.749
87.717
87.682
87.691
87.791
87.759
87.755
87.767
87.831
87.878
87.891
87.834
87.843
87.894
87.943
87.912
87.947
87.932
88.004
88
88.048
88.057
88.055
88.107
88.087
88.15
88.147
88.174
88.173
88.19
88.275
88.275
88.275
88.307
88.327
88.358
88.396
88.39
88.388
88.402
88.437
88.437
88.429
88.463
88.49
88.472
88.51
88.525
88.531
88.542
88.568
88.565
88.562
88.597
88.588
88.602
88.638
88.655
88.646
88.666
88.68
88.686
88.692
88.707
88.695
88.716
88.73
88.742
88.763
88.759
88.754
88.766
88.795
88.818
88.823
88.823
88.826
88.829
88.857
88.866
88.867
88.895
88.885
88.884
88.914
88.904
88.931
88.948
88.957
88.972
88.988
89.008
89.015
89.003
89.027
89.041
89.052
89.049
89.067
89.082
89.09
89.098
89.119
89.131
89.143
89.16
89.172
89.192
89.197
89.217
89.235
89.252
89.278
89.294
89.304
89.313
89.317
89.339
89.342
89.357
89.391
89.404
89.415
89.439
89.449
89.464
89.481
89.503
89.516
89.534
89.555
89.572
89.601
89.612
89.632
89.658
89.667
89.687
89.722
89.735
89.746
89.764
89.778
89.804
89.839
89.856
89.87
89.891
89.919
89.937
89.961
89.99
89.996
90.025
90.054
90.085
90.088
90.129
90.144
90.157
90.187
90.211
90.231
90.26
90.308
90.331
90.344
90.363
90.384
90.404
90.428
90.454
90.471
90.492
90.517
90.526
90.549
90.559
90.591
90.627
90.654
90.68
90.692
90.715
90.727
90.753
90.779
90.794
90.823
90.837
90.854
90.884
90.895
90.912
90.939
90.959
90.982
91.005
91.023
91.043
91.068
91.086
91.115
91.138
91.154
91.174
91.193
91.217
91.252
91.269
91.296
91.301
91.318
91.351
91.367
91.385
91.406
91.423
91.455
91.479
91.501
91.519
91.534
91.562
91.574
91.592
91.626
91.647
91.656
91.684
91.707
91.724
91.748
91.774
91.797
91.815
91.832
91.853
91.873
91.891
91.927
91.951
91.971
91.982
92.004
92.026
92.05
92.084
92.094
92.117
92.133
92.157
92.191
92.213
92.235
92.255
92.279
92.311
92.332
92.355
92.381
92.41
92.436
92.465
92.491
92.509
92.525
92.558
92.57
92.592
92.612
92.622
92.638
92.674
92.696
92.714
92.723
92.744
92.764
92.776
92.804
92.827
92.85
92.868
92.897
92.918
92.943
92.972
92.996
93.007
93.036
93.056
93.085
93.115
93.124
93.149
93.172
93.205
93.228
93.243
93.272
93.304
93.326
93.343
93.369
93.39
93.413
93.439
93.463
93.488
93.498
93.53
93.556
93.571
93.596
93.614
93.636
93.657
93.683
93.709
93.723
93.745
93.773
93.799
93.825
93.845
93.86
93.883
93.913
93.93
93.954
93.979
93.999
94.014
94.04
94.051
94.078
94.093
94.121
94.142
94.159
94.18
94.2
94.223
94.241
94.266
94.298
94.321
94.337
94.351
94.373
94.402
94.427
94.444
94.467
94.478
94.493
94.511
94.536
94.559
94.582
94.601
94.629
94.646
94.656
94.676
94.707
94.731
94.746
94.762
94.781
94.809
94.838
94.868
94.885
94.901
94.901
94.93
94.96
94.987
95.02
95.036
95.061
95.076
95.09
95.113
95.14
95.155
95.18
95.195
95.222
95.239
95.27
95.291
95.309
95.341
95.367
95.389
95.409
95.433
95.454
95.474
95.496
95.515
95.532
95.544
95.56
95.592
95.625
95.645
95.673
95.694
95.708
95.738
95.755
95.781
95.808
95.816
95.839
95.857
95.883
95.894
95.927
95.952
95.972
95.992
96.011
96.019
96.043
96.063
96.08
96.091
96.101
96.152
96.167
96.187
96.187
96.213
96.239
96.262
96.272
96.277
96.313
96.32
96.329
96.356
96.371
96.394
96.413
96.439
96.448
96.449
96.457
96.49
96.512
96.524
96.541
96.55
96.567
96.585
96.608
96.628
96.626
96.64
96.651
96.657
96.675
96.695
96.713
96.732
96.761
96.78
96.785
96.786
96.805
96.811
96.835
96.857
96.866
96.877
96.889
96.912
96.921
96.927
96.947
96.96
96.973
96.988
96.999
97.018
97.026
97.044
97.041
97.055
97.075
97.09
97.104
97.116
97.124
97.142
97.154
97.165
97.176
97.188
97.194
97.212
97.229
97.227
97.241
97.246
97.25
97.266
97.289
97.299
97.322
97.313
97.33
97.334
97.348
97.357
97.359
97.372
97.382
97.392
97.411
97.415
97.432
97.432
97.441
97.455
97.461
97.466
97.475
97.482
97.479
97.484
97.502
97.508
97.513
97.528
97.528
97.531
97.536
97.539
97.537
97.557
97.562
97.572
97.577
97.571
97.571
97.575
97.586
97.601
97.586
97.589
97.585
97.6
97.595
97.592
97.594
97.592
97.594
97.589
97.586
97.595
97.601
97.588
97.592
97.597
97.594
97.594
97.586
97.585
97.577
97.56
97.554
97.545
97.54
97.534
97.522
97.516
97.507
97.495
97.493
97.481
97.482
97.502
97.498
97.499
97.52
97.523
97.545
97.557
97.563
97.577
97.601
97.621
97.635
97.653
97.672
97.69
97.697
97.723
97.739
97.763
97.784
97.801
97.82
97.838
97.856
97.879
97.905
97.92
97.945
97.963
97.983
97.998
98.019
98.035
98.065
98.074
98.09
98.109
98.128
98.131
98.151
98.164
98.17
98.187
98.201
98.21
98.23
98.239
98.242
98.264
98.268
98.28
98.294
98.294
98.302
98.314
98.317
98.331
98.334
98.334
98.338
98.347
98.357
98.363
98.373
98.37
98.381
98.369
98.381
98.384
98.392
98.393
98.41
98.405
98.409
98.415
98.418
98.419
98.421
98.418
98.415
98.415
98.425
98.427
98.43
98.425
98.422
98.425
98.434
98.441
98.447
98.445
98.444
98.445
98.43
98.43
98.445
98.448
98.444
98.451
98.457
98.46
98.462
98.454
98.463
98.46
98.479
98.485
98.476
98.479
98.485
98.512
98.497
98.471
98.483
98.506
98.497
98.486
98.5
98.521
98.535
98.503
98.48
98.485
98.503
98.54
98.553
98.547
98.538
98.529
98.521
98.503
98.5
98.521
98.521
98.523
98.517
98.524
98.517
98.529
98.52
98.555
