10.513
10.764
10.638
0
0
12.587
12.776
12.659
12.886
12.909
12.95
13.12
13.132
13.269
13.38
13.533
13.728
13.882
14.017
14.198
14.404
14.603
14.847
15.07
15.306
15.506
15.755
15.987
16.251
16.515
16.797
17.032
17.261
17.537
17.789
18.051
18.297
18.521
18.768
18.988
19.209
19.414
19.612
19.794
19.968
20.157
20.305
20.438
20.593
20.709
20.833
20.932
21.03
21.104
21.187
21.259
21.303
21.347
21.368
21.385
21.385
21.378
21.378
21.347
21.323
21.283
21.222
21.173
21.124
21.056
20.966
20.866
20.775
20.7
20.596
20.535
20.412
20.308
20.233
20.129
20.012
19.922
19.83
19.702
19.608
19.537
19.44
19.299
19.209
19.151
19.07
18.964
18.889
18.782
18.739
18.631
18.584
18.53
18.471
18.373
18.307
18.275
18.222
18.166
18.129
18.044
18.018
17.969
17.931
17.906
17.886
17.867
17.815
17.819
17.766
17.731
17.665
17.569
17.566
17.578
17.543
17.593
17.522
17.58
17.511
17.479
17.497
17.48
17.49
17.506
17.479
17.435
17.427
17.427
17.442
17.398
17.383
17.363
17.387
17.351
17.34
17.325
17.413
17.374
17.349
17.32
17.291
17.326
17.329
17.308
17.355
17.3
17.32
17.397
17.418
17.358
17.293
17.426
17.424
17.432
17.45
17.499
17.543
17.442
17.508
17.57
17.668
17.548
17.665
17.661
17.697
17.778
17.728
17.83
17.899
18.016
18.076
18.159
18.158
18.234
18.33
18.396
18.457
18.547
18.562
18.663
18.686
18.77
18.867
18.935
19.034
19.124
19.226
19.289
19.371
19.458
19.586
19.681
19.769
19.85
19.952
20.076
20.152
20.255
20.367
20.416
20.526
20.648
20.743
20.834
20.92
21.027
21.146
21.211
21.318
21.446
21.515
21.581
21.704
21.802
21.892
21.971
22.063
22.147
22.232
22.313
22.417
22.513
22.594
22.682
22.765
22.832
22.916
23.007
23.083
23.169
23.253
23.323
23.409
23.491
23.572
23.653
23.737
23.81
23.889
23.984
24.069
24.144
24.225
24.3
24.385
24.475
24.553
24.625
24.702
24.785
24.873
24.951
25.034
25.116
25.201
25.288
25.377
25.468
25.545
25.648
25.737
25.838
25.922
26.004
26.109
26.21
26.305
26.396
26.495
26.596
26.688
26.787
26.883
26.996
27.092
27.197
27.307
27.415
27.527
27.623
27.748
27.859
27.974
28.088
28.212
28.331
28.455
28.577
28.693
28.81
28.931
29.048
29.152
29.268
29.384
29.5
29.614
29.735
29.854
29.973
30.093
30.215
30.339
30.458
30.594
30.73
30.858
30.995
31.123
31.258
31.398
31.532
31.665
31.813
31.947
32.097
32.234
32.372
32.512
32.651
32.793
32.933
33.067
33.215
33.359
33.507
33.646
33.792
33.94
34.091
34.239
34.392
34.549
34.702
34.851
34.998
35.15
35.31
35.461
35.602
35.843
36.096
36.237
36.375
36.511
36.652
36.783
36.926
37.067
37.196
37.332
37.48
37.624
37.759
37.894
38.045
38.194
38.336
38.478
38.623
38.757
38.904
39.049
39.186
39.32
39.462
39.604
39.735
39.873
40.007
40.144
40.285
40.419
40.556
40.692
40.834
40.973
41.109
41.251
41.393
41.533
41.682
41.82
41.963
42.11
42.258
42.403
42.543
42.679
42.815
42.963
43.102
43.234
43.372
43.509
43.651
43.784
43.927
44.072
44.208
44.347
44.479
44.623
44.769
44.913
45.056
45.204
45.352
45.494
45.639
45.792
45.938
46.082
46.23
46.376
46.521
46.669
46.819
46.962
47.11
47.263
47.412
47.565
47.725
47.878
48.027
48.19
48.349
48.508
48.682
48.86
49.025
49.199
49.37
49.541
49.715
49.887
50.05
50.22
50.38
50.536
50.69
50.844
50.989
51.138
51.292
51.442
51.591
51.738
51.881
52.043
52.193
52.356
52.505
52.669
52.827
52.983
53.148
53.316
53.477
53.632
53.804
53.964
54.128
54.301
54.472
54.63
54.799
54.967
55.124
55.292
55.47
55.647
55.821
55.995
56.172
56.349
56.532
56.703
56.883
57.065
57.237
57.413
57.591
57.758
57.922
58.095
58.261
58.438
58.6
58.765
58.929
59.096
59.261
59.433
59.595
59.772
59.937
60.103
60.277
60.446
60.614
60.782
60.953
61.116
61.299
61.456
61.62
61.795
61.957
62.119
62.289
62.453
62.608
62.778
62.944
63.106
63.275
63.432
63.602
63.768
63.933
64.105
64.276
64.45
64.616
64.789
64.961
65.134
65.308
65.477
65.637
65.802
65.965
66.132
66.29
66.454
66.62
66.785
66.954
67.133
67.294
67.461
67.63
67.81
67.978
68.146
68.324
68.497
68.671
68.852
69.022
69.183
69.354
69.537
69.705
69.879
70.052
70.224
70.401
70.561
70.723
70.914
71.1
71.263
71.449
71.622
71.8
71.979
72.163
72.346
72.519
72.705
72.885
73.071
73.253
73.434
73.611
73.779
73.964
74.135
74.307
74.475
74.644
74.817
74.989
75.16
75.337
75.517
75.687
75.862
76.031
76.207
76.378
76.552
76.732
76.904
77.074
77.251
77.428
77.602
77.762
77.917
78.081
78.235
78.412
78.58
78.732
78.891
79.048
79.216
79.361
79.52
79.678
79.836
80.002
80.164
80.321
80.478
80.641
80.791
80.93
81.071
81.233
81.375
81.519
81.662
81.792
81.934
82.057
82.205
82.326
82.466
82.614
82.751
82.887
82.997
83.139
83.272
83.409
83.531
83.676
83.803
83.916
84.041
84.16
84.28
84.409
84.535
84.653
84.769
84.872
84.99
85.104
85.222
85.336
85.443
85.559
85.672
85.782
85.887
86.018
86.119
86.234
86.346
86.453
86.56
86.656
86.757
86.859
86.963
87.059
87.158
87.251
87.35
87.456
87.55
87.639
87.737
87.827
87.918
88.011
88.115
88.219
88.3
88.385
88.472
88.567
88.654
88.747
88.841
88.922
89.001
89.081
89.169
89.244
89.328
89.406
89.49
89.568
89.65
89.735
89.818
89.9
89.977
90.048
90.138
90.219
90.295
90.37
90.442
90.512
90.579
90.649
90.727
90.791
90.866
90.939
90.997
91.064
91.129
91.202
91.269
91.338
91.4
91.455
91.522
91.588
91.643
91.708
91.768
91.821
91.879
91.93
91.988
92.047
92.096
92.148
92.201
92.25
92.307
92.36
92.404
92.453
92.508
92.555
92.603
92.651
92.711
92.747
92.787
92.83
92.868
92.903
92.946
92.984
93.011
93.044
93.082
93.123
93.158
93.201
93.242
93.297
93.355
93.407
93.462
93.538
93.597
93.666
93.738
93.811
93.881
93.954
94.025
94.104
94.176
94.246
94.322
94.397
94.466
94.547
94.62
94.696
94.775
94.853
94.923
95
95.074
95.157
95.232
95.309
95.383
95.471
95.54
95.612
95.685
95.758
95.827
95.888
95.959
96.03
96.088
96.149
96.214
96.274
96.333
96.399
96.454
96.524
96.579
96.629
96.696
96.754
96.796
96.855
96.904
96.96
97.005
97.054
97.102
97.142
97.198
97.238
97.284
97.328
97.385
97.432
97.476
97.516
97.552
97.604
97.644
97.69
97.726
97.769
97.807
97.844
97.879
97.919
97.955
98.003
98.038
98.071
98.099
98.146
98.17
98.215
98.241
98.273
98.311
98.346
98.392
98.422
98.463
98.492
98.529
98.544
98.582
98.622
98.654
98.668
98.721
98.761
98.798
98.831
98.848
98.88
98.92
98.964
98.996
99.022
99.045
99.088
99.155
99.17
99.176
99.226
99.261
99.278
99.31
99.356
99.393
99.423
99.443
99.448
99.466
99.509
99.565
99.615
99.629
99.646
99.666
99.696
99.715
99.722
99.767
99.802
99.812
99.829
99.866
99.876
99.905
99.93
99.979
