6.671
6.403
6.212
0
0
6.122
6.239
6.166
6.268
6.238
6.325
6.358
6.424
6.461
6.508
6.596
6.694
6.76
6.866
6.961
7.063
7.248
7.341
7.489
7.608
7.739
7.909
8.07
8.255
8.385
8.565
8.733
8.861
9.033
9.195
9.346
9.515
9.682
9.853
10.013
10.139
10.275
10.408
10.558
10.681
10.803
10.905
11.017
11.118
11.211
11.301
11.359
11.421
11.491
11.536
11.574
11.601
11.63
11.635
11.639
11.667
11.661
11.656
11.655
11.609
11.583
11.536
11.496
11.423
11.366
11.333
11.266
11.189
11.131
11.06
10.985
10.927
10.878
10.779
10.704
10.652
10.562
10.481
10.428
10.378
10.291
10.196
10.1
10.042
10.002
9.924
9.833
9.802
9.703
9.674
9.616
9.557
9.5
9.456
9.438
9.404
9.334
9.311
9.259
9.244
9.178
9.123
9.145
9.079
9.067
9.019
8.99
8.965
8.965
8.923
8.94
8.882
8.89
8.881
8.818
8.82
8.823
8.768
8.777
8.82
8.742
8.766
8.751
8.789
8.719
8.714
8.661
8.679
8.672
8.662
8.591
8.62
8.618
8.632
8.623
8.586
8.54
8.612
8.609
8.537
8.54
8.594
8.549
8.554
8.49
8.466
8.511
8.502
8.575
8.516
8.408
8.499
8.382
8.524
8.685
8.508
8.537
8.62
8.618
8.493
8.582
8.624
8.557
8.481
8.543
8.58
8.588
8.661
8.798
8.772
8.891
8.881
8.899
8.954
8.965
8.983
8.978
9.065
9.094
9.134
9.174
9.203
9.283
9.344
9.396
9.422
9.517
9.544
9.657
9.709
9.756
9.805
9.88
9.941
10.002
10.075
10.146
10.207
10.286
10.342
10.422
10.481
10.555
10.609
10.681
10.757
10.822
10.878
10.956
11.034
11.099
11.153
11.232
11.304
11.354
11.417
11.47
11.517
11.603
11.641
11.705
11.771
11.845
11.905
11.964
12.009
12.083
12.132
12.181
12.242
12.3
12.364
12.413
12.469
12.526
12.596
12.65
12.714
12.764
12.827
12.883
12.936
13
13.046
13.109
13.173
13.229
13.287
13.344
13.391
13.458
13.516
13.576
13.638
13.69
13.759
13.818
13.878
13.948
14.012
14.079
14.145
14.212
14.284
14.345
14.418
14.487
14.563
14.629
14.699
14.769
14.845
14.917
14.989
15.065
15.146
15.225
15.303
15.39
15.469
15.546
15.634
15.727
15.808
15.9
16
16.084
16.173
16.267
16.359
16.455
16.539
16.634
16.714
16.803
16.895
16.983
17.07
17.166
17.262
17.361
17.451
17.545
17.647
17.749
17.851
17.949
18.06
18.164
18.277
18.385
18.495
18.611
18.718
18.829
18.945
19.054
19.177
19.287
19.402
19.519
19.637
19.756
19.868
19.989
20.111
20.23
20.349
20.471
20.598
20.721
20.85
20.981
21.107
21.242
21.375
21.503
21.623
21.758
21.887
22.015
22.223
22.446
22.566
22.685
22.803
22.925
23.039
23.164
23.293
23.407
23.531
23.657
23.784
23.906
24.03
24.159
24.289
24.417
24.55
24.683
24.805
24.933
25.063
25.194
25.316
25.443
25.574
25.699
25.822
25.949
26.074
26.201
26.324
26.453
26.582
26.709
26.834
26.964
27.095
27.231
27.362
27.499
27.632
27.765
27.904
28.044
28.175
28.31
28.435
28.569
28.711
28.842
28.972
29.099
29.23
29.364
29.492
29.63
29.762
29.897
30.034
30.162
30.296
30.441
30.582
30.724
30.867
31.007
31.152
31.296
31.439
31.581
31.723
31.868
32.01
32.15
32.298
32.448
32.59
32.738
32.887
33.035
33.183
33.337
33.496
33.656
33.815
33.975
34.14
34.314
34.483
34.656
34.83
35.011
35.182
35.35
35.527
35.692
35.867
36.031
36.192
36.349
36.504
36.656
36.809
36.964
37.122
37.279
37.43
37.592
37.756
37.915
38.084
38.251
38.419
38.586
38.759
38.931
39.107
39.281
39.444
39.629
39.801
39.973
40.158
40.341
40.514
40.689
40.871
41.052
41.228
41.417
41.609
41.798
41.994
42.186
42.38
42.575
42.77
42.969
43.164
43.359
43.546
43.733
43.919
44.109
44.304
44.487
44.682
44.867
45.049
45.232
45.419
45.607
45.798
45.984
46.178
46.362
46.556
46.748
46.942
47.133
47.325
47.522
47.716
47.919
48.106
48.296
48.489
48.677
48.865
49.052
49.239
49.425
49.619
49.809
49.994
50.188
50.378
50.575
50.772
50.967
51.17
51.373
51.575
51.776
51.979
52.185
52.391
52.602
52.803
52.997
53.181
53.383
53.581
53.78
53.973
54.175
54.372
54.578
54.776
54.973
55.177
55.383
55.592
55.798
56.007
56.212
56.432
56.641
56.856
57.059
57.266
57.475
57.695
57.898
58.112
58.315
58.528
58.736
58.949
59.161
59.372
59.589
59.807
60.031
60.245
60.469
60.696
60.918
61.142
61.369
61.598
61.829
62.05
62.274
62.489
62.723
62.943
63.162
63.376
63.594
63.812
64.034
64.256
64.473
64.702
64.919
65.141
65.353
65.588
65.807
66.032
66.266
66.486
66.714
66.942
67.152
67.375
67.603
67.827
68.03
68.246
68.471
68.681
68.9
69.109
69.312
69.519
69.724
69.952
70.16
70.367
70.583
70.798
71.013
71.225
71.436
71.638
71.866
72.064
72.258
72.452
72.652
72.839
73.041
73.239
73.425
73.601
73.784
73.979
74.168
74.342
74.541
74.716
74.904
75.09
75.276
75.456
75.63
75.816
75.99
76.157
76.331
76.503
76.671
76.834
76.999
77.165
77.324
77.486
77.644
77.798
77.959
78.108
78.271
78.427
78.587
78.748
78.896
79.047
79.234
79.379
79.512
79.66
79.807
79.961
80.099
80.244
80.386
80.518
80.658
80.804
80.937
81.065
81.209
81.34
81.471
81.609
81.746
81.874
82.002
82.13
82.274
82.404
82.538
82.655
82.782
82.906
83.038
83.174
83.293
83.411
83.531
83.646
83.772
83.887
83.998
84.119
84.23
84.343
84.476
84.596
84.712
84.825
84.938
85.071
85.181
85.307
85.416
85.526
85.623
85.736
85.851
85.959
86.07
86.182
86.279
86.391
86.485
86.597
86.7
86.813
86.913
87.024
87.125
87.225
87.34
87.447
87.553
87.659
87.753
87.859
87.953
88.055
88.161
88.254
88.351
88.451
88.553
88.649
88.748
88.84
88.936
89.037
89.136
89.246
89.343
89.45
89.539
89.633
89.738
89.827
89.917
90.025
90.131
90.219
90.302
90.399
90.485
90.59
90.683
90.764
90.862
90.952
91.032
91.115
91.219
91.298
91.386
91.478
91.557
91.644
91.725
91.811
91.89
91.975
92.053
92.126
92.204
92.285
92.368
92.442
92.513
92.59
92.667
92.741
92.818
92.902
92.984
93.057
93.135
93.211
93.283
93.35
93.423
93.497
93.581
93.655
93.721
93.788
93.863
93.929
94.005
94.073
94.148
94.211
94.287
94.344
94.42
94.498
94.563
94.64
94.71
94.771
94.841
94.902
94.972
95.041
95.113
95.177
95.232
95.293
95.367
95.433
95.494
95.567
95.641
95.711
95.766
95.821
95.891
95.958
96.028
96.085
96.159
96.225
96.283
96.344
96.408
96.469
96.53
96.599
96.657
96.706
96.774
96.823
96.884
96.942
97.003
97.058
97.128
97.2
97.263
97.322
97.382
97.433
97.484
97.543
97.607
97.664
97.713
97.777
97.849
97.902
97.957
98.009
98.061
98.125
98.196
98.253
98.302
98.351
98.413
98.492
98.531
98.563
98.643
98.708
98.741
98.788
98.833
98.909
98.972
98.991
99.025
99.086
99.149
99.222
99.297
99.347
99.379
99.416
99.472
99.506
99.519
99.588
99.641
99.681
99.724
99.771
99.812
99.864
99.928
100.003
