38.11
37.502
37.302
0
0
37.013
36.882
36.346
37.027
36.929
36.986
37.178
37.152
37.413
37.523
37.749
37.939
38.075
38.319
38.553
38.753
39.024
39.33
39.58
39.844
40.111
40.408
40.688
40.926
41.243
41.591
41.862
42.087
42.377
42.691
42.931
43.207
43.454
43.709
43.936
44.179
44.411
44.583
44.821
45
45.175
45.331
45.497
45.624
45.781
45.92
46.019
46.1
46.202
46.263
46.333
46.416
46.463
46.465
46.48
46.495
46.49
46.454
46.457
46.431
46.378
46.338
46.277
46.196
46.124
46.045
45.961
45.889
45.763
45.665
45.572
45.441
45.345
45.209
45.105
45.035
44.93
44.832
44.685
44.595
44.455
44.368
44.241
44.18
44.061
43.959
43.831
43.732
43.633
43.561
43.446
43.361
43.253
43.222
43.147
43.057
43.018
42.917
42.871
42.78
42.72
42.625
42.599
42.551
42.508
42.461
42.404
42.368
42.332
42.258
42.255
42.2
42.16
42.104
42.11
42.021
42.027
41.997
41.937
41.977
41.876
41.933
41.911
41.881
41.809
41.785
41.721
41.777
41.753
41.742
41.646
41.606
41.687
41.69
41.65
41.608
41.536
41.571
41.562
41.544
41.566
41.513
41.46
41.476
41.397
41.464
41.441
41.386
41.405
41.354
41.364
41.405
41.316
41.367
41.483
41.403
41.431
41.406
41.454
41.405
41.493
41.4
41.479
41.508
41.568
41.56
41.566
41.632
41.643
41.623
41.748
41.82
41.959
41.928
41.905
41.959
42.012
42.165
42.174
42.21
42.255
42.328
42.406
42.516
42.581
42.677
42.772
42.871
42.953
43.025
43.135
43.233
43.34
43.43
43.506
43.62
43.735
43.823
43.93
43.993
44.095
44.203
44.308
44.402
44.493
44.591
44.695
44.781
44.887
44.987
45.078
45.16
45.245
45.338
45.445
45.541
45.604
45.683
45.776
45.85
45.929
46.033
46.117
46.178
46.262
46.312
46.402
46.481
46.545
46.622
46.701
46.768
46.838
46.921
47.011
47.078
47.145
47.212
47.284
47.346
47.423
47.502
47.569
47.638
47.708
47.777
47.861
47.932
47.992
48.059
48.123
48.199
48.276
48.338
48.425
48.495
48.564
48.642
48.718
48.798
48.88
48.943
49.022
49.106
49.191
49.269
49.361
49.443
49.521
49.603
49.683
49.762
49.841
49.933
50.023
50.108
50.203
50.284
50.369
50.464
50.558
50.661
50.754
50.853
50.946
51.047
51.141
51.247
51.352
51.451
51.556
51.64
51.744
51.831
51.92
52.017
52.112
52.208
52.301
52.405
52.504
52.605
52.704
52.802
52.904
53.014
53.114
53.227
53.34
53.445
53.56
53.67
53.792
53.891
54.001
54.112
54.228
54.349
54.459
54.578
54.688
54.8
54.916
55.025
55.133
55.261
55.385
55.493
55.603
55.722
55.838
55.957
56.081
56.212
56.332
56.454
56.575
56.683
56.807
56.926
57.045
57.231
57.43
57.533
57.64
57.745
57.855
57.961
58.07
58.186
58.29
58.397
58.505
58.614
58.72
58.827
58.946
59.055
59.169
59.282
59.39
59.497
59.612
59.715
59.822
59.929
60.034
60.146
60.254
60.352
60.454
60.556
60.66
60.767
60.87
60.977
61.081
61.185
61.288
61.392
61.505
61.61
61.719
61.821
61.931
62.036
62.148
62.251
62.369
62.462
62.561
62.669
62.778
62.875
62.975
63.072
63.182
63.281
63.382
63.487
63.591
63.696
63.794
63.896
64.003
64.104
64.211
64.313
64.427
64.532
64.639
64.746
64.85
64.957
65.062
65.164
65.263
65.373
65.485
65.59
65.692
65.797
65.91
66.017
66.125
66.235
66.348
66.466
66.574
66.69
66.812
66.939
67.049
67.168
67.296
67.415
67.529
67.654
67.775
67.897
68.007
68.123
68.227
68.335
68.436
68.542
68.645
68.75
68.854
68.954
69.061
69.177
69.276
69.391
69.501
69.606
69.719
69.826
69.943
70.053
70.161
70.265
70.387
70.508
70.618
70.735
70.857
70.966
71.074
71.187
71.3
71.414
71.535
71.657
71.78
71.898
72.02
72.139
72.264
72.386
72.514
72.626
72.748
72.865
72.974
73.09
73.207
73.328
73.436
73.566
73.672
73.77
73.886
74.002
74.112
74.225
74.336
74.463
74.573
74.677
74.789
74.915
75.021
75.134
75.25
75.362
75.49
75.591
75.702
75.815
75.916
76.025
76.138
76.247
76.346
76.459
76.572
76.671
76.785
76.894
77.008
77.126
77.237
77.348
77.458
77.573
77.687
77.798
77.917
78.03
78.146
78.256
78.358
78.459
78.574
78.685
78.796
78.899
79.007
79.111
79.228
79.338
79.442
79.55
79.66
79.779
79.886
80.003
80.109
80.231
80.341
80.46
80.562
80.666
80.772
80.893
81.009
81.113
81.215
81.328
81.441
81.552
81.654
81.764
81.886
81.998
82.111
82.217
82.335
82.451
82.559
82.664
82.784
82.912
83.031
83.138
83.249
83.362
83.478
83.588
83.693
83.8
83.91
84.015
84.123
84.241
84.361
84.467
84.575
84.686
84.781
84.898
85.007
85.117
85.225
85.342
85.454
85.567
85.664
85.77
85.88
85.992
86.084
86.191
86.302
86.392
86.496
86.606
86.705
86.794
86.899
87.022
87.115
87.207
87.302
87.401
87.515
87.61
87.711
87.805
87.912
88.013
88.106
88.197
88.295
88.374
88.466
88.559
88.646
88.719
88.803
88.904
88.991
89.075
89.174
89.25
89.351
89.426
89.517
89.604
89.685
89.769
89.836
89.912
89.998
90.073
90.146
90.225
90.305
90.375
90.443
90.515
90.585
90.66
90.736
90.805
90.877
90.942
91.014
91.092
91.161
91.223
91.31
91.373
91.426
91.493
91.568
91.64
91.698
91.759
91.83
91.879
91.945
92.018
92.072
92.122
92.192
92.25
92.314
92.368
92.435
92.496
92.545
92.598
92.665
92.722
92.78
92.824
92.876
92.934
93.004
93.062
93.115
93.159
93.211
93.26
93.314
93.372
93.419
93.466
93.51
93.565
93.626
93.68
93.736
93.777
93.828
93.884
93.932
93.985
94.029
94.08
94.121
94.167
94.221
94.264
94.308
94.371
94.405
94.444
94.489
94.543
94.592
94.646
94.681
94.731
94.769
94.812
94.864
94.911
94.958
95.013
95.039
95.085
95.128
95.178
95.219
95.261
95.306
95.346
95.39
95.438
95.477
95.517
95.558
95.602
95.634
95.686
95.738
95.792
95.824
95.868
95.92
95.949
95.99
96.04
96.083
96.121
96.161
96.208
96.251
96.288
96.333
96.365
96.408
96.443
96.481
96.513
96.552
96.593
96.62
96.657
96.681
96.722
96.758
96.79
96.822
96.852
96.878
96.909
96.935
96.97
97.003
97.029
97.06
97.09
97.112
97.139
97.166
97.192
97.237
97.258
97.289
97.319
97.346
97.371
97.401
97.432
97.461
97.485
97.505
97.531
97.566
97.583
97.614
97.639
97.664
97.694
97.716
97.739
97.777
97.806
97.824
97.868
97.899
97.906
97.931
97.957
97.993
98.015
98.044
98.068
98.09
98.116
98.143
98.164
98.193
98.215
98.256
98.268
98.296
98.314
98.344
98.367
98.405
98.431
98.47
98.488
98.509
98.528
98.553
98.576
98.605
98.631
98.656
98.672
98.7
98.718
98.74
98.761
98.785
98.816
98.839
98.862
98.891
98.924
98.943
98.953
98.973
99.001
99.026
99.049
99.063
99.095
99.13
99.146
99.179
99.188
99.205
99.232
99.269
99.294
99.307
99.321
99.352
99.39
99.396
99.388
99.442
99.474
99.486
99.484
99.509
99.55
99.579
99.574
99.574
99.594
99.631
99.663
99.704
99.718
99.731
99.736
99.759
99.762
99.759
99.786
99.817
99.823
99.852
99.866
99.875
99.913
99.942
99.974
