47.797
48.099
48.232
0
0
57.965
58.096
57.828
58.994
59.03
59.229
59.756
59.904
60.391
60.71
61.122
61.566
61.925
62.247
62.711
63.033
63.49
63.873
64.291
64.7
65.096
65.538
65.875
66.27
66.67
67.11
67.436
67.818
68.164
68.553
68.909
69.206
69.531
69.879
70.195
70.482
70.764
70.993
71.271
71.498
71.701
71.904
72.121
72.325
72.495
72.679
72.82
72.955
73.158
73.308
73.428
73.59
73.714
73.837
73.962
74.08
74.242
74.399
74.474
74.571
74.719
74.829
74.944
75.053
75.154
75.301
75.365
75.465
75.563
75.668
75.774
75.85
75.961
76.068
76.149
76.237
76.389
76.479
76.527
76.617
76.743
76.851
76.918
77.026
77.086
77.281
77.354
77.437
77.538
77.621
77.71
77.849
77.959
77.997
78.114
78.21
78.258
78.384
78.4
78.491
78.58
78.673
78.729
78.777
78.902
78.984
79.059
79.152
79.234
79.335
79.391
79.381
79.375
79.474
79.573
79.616
79.633
79.71
79.886
79.918
79.997
80.109
80.124
80.171
80.295
80.348
80.357
80.559
80.54
80.634
80.602
80.707
80.75
80.878
80.91
80.891
80.969
81.18
81.146
81.146
81.23
81.342
81.415
81.36
81.392
81.548
81.552
81.761
81.694
81.728
81.775
81.793
82.039
82.059
82.089
82.137
82.205
82.199
82.204
82.14
82.394
82.32
82.407
82.608
82.462
82.64
82.822
82.787
82.744
82.846
83.08
83.089
83.315
83.214
83.316
83.337
83.446
83.525
83.577
83.548
83.569
83.672
83.691
83.783
83.714
83.754
83.887
83.946
83.972
83.983
83.969
84.088
84.082
84.129
84.206
84.233
84.242
84.283
84.325
84.389
84.363
84.413
84.445
84.508
84.564
84.593
84.659
84.709
84.723
84.772
84.834
84.894
84.898
84.988
85.008
85.056
85.08
85.114
85.153
85.168
85.205
85.269
85.332
85.344
85.426
85.448
85.481
85.538
85.58
85.611
85.654
85.71
85.733
85.8
85.847
85.873
85.905
85.951
86.002
86.037
86.072
86.124
86.142
86.192
86.246
86.293
86.331
86.383
86.424
86.461
86.485
86.543
86.562
86.594
86.656
86.694
86.746
86.777
86.819
86.865
86.906
86.931
86.983
87.019
87.056
87.126
87.154
87.183
87.21
87.259
87.306
87.344
87.375
87.425
87.459
87.492
87.526
87.585
87.607
87.662
87.697
87.735
87.781
87.81
87.862
87.907
87.941
87.994
88.029
88.058
88.104
88.144
88.174
88.211
88.249
88.275
88.3
88.33
88.379
88.406
88.435
88.475
88.506
88.528
88.551
88.611
88.649
88.68
88.718
88.756
88.802
88.837
88.87
88.901
88.927
88.969
89.018
89.05
89.087
89.111
89.149
89.197
89.232
89.24
89.275
89.32
89.365
89.391
89.421
89.462
89.491
89.511
89.555
89.606
89.647
89.688
89.717
89.748
89.78
89.822
89.864
89.929
89.995
90.022
90.051
90.085
90.115
90.146
90.186
90.213
90.239
90.263
90.303
90.334
90.366
90.39
90.417
90.453
90.485
90.517
90.546
90.579
90.598
90.63
90.659
90.683
90.71
90.749
90.761
90.791
90.819
90.845
90.875
90.906
90.93
90.958
90.991
91.019
91.046
91.071
91.096
91.129
91.167
91.188
91.22
91.243
91.277
91.302
91.33
91.353
91.389
91.415
91.432
91.458
91.489
91.518
91.551
91.577
91.609
91.644
91.664
91.699
91.716
91.737
91.777
91.806
91.821
91.862
91.888
91.911
91.949
91.983
92.007
92.033
92.05
92.072
92.105
92.137
92.172
92.198
92.215
92.249
92.27
92.296
92.325
92.351
92.374
92.412
92.447
92.462
92.502
92.529
92.548
92.58
92.606
92.642
92.671
92.706
92.732
92.76
92.792
92.812
92.834
92.87
92.891
92.917
92.935
92.949
92.981
92.99
93.005
93.027
93.054
93.08
93.097
93.126
93.153
93.166
93.184
93.213
93.228
93.246
93.288
93.303
93.33
93.358
93.381
93.391
93.416
93.445
93.465
93.489
93.518
93.544
93.57
93.594
93.62
93.645
93.68
93.709
93.727
93.747
93.768
93.796
93.831
93.854
93.864
93.886
93.904
93.941
93.961
93.982
94.014
94.031
94.051
94.063
94.095
94.121
94.144
94.167
94.202
94.223
94.241
94.264
94.283
94.305
94.336
94.353
94.379
94.398
94.411
94.434
94.456
94.47
94.492
94.525
94.55
94.568
94.592
94.606
94.623
94.64
94.652
94.682
94.702
94.725
94.736
94.759
94.789
94.807
94.826
94.847
94.87
94.876
94.893
94.908
94.93
94.948
94.975
94.994
95.018
95.036
95.052
95.067
95.088
95.119
95.134
95.152
95.164
95.187
95.215
95.235
95.255
95.271
95.29
95.314
95.337
95.361
95.38
95.41
95.439
95.45
95.453
95.494
95.512
95.537
95.549
95.57
95.596
95.615
95.647
95.663
95.67
95.702
95.723
95.746
95.767
95.787
95.819
95.828
95.844
95.856
95.869
95.894
95.917
95.949
95.979
95.988
96.011
96.031
96.036
96.057
96.068
96.088
96.115
96.136
96.164
96.17
96.178
96.208
96.233
96.259
96.266
96.262
96.303
96.301
96.329
96.356
96.375
96.376
96.385
96.414
96.411
96.429
96.452
96.48
96.5
96.512
96.527
96.535
96.564
96.579
96.588
96.597
96.628
96.643
96.66
96.674
96.687
96.701
96.698
96.727
96.733
96.75
96.774
96.785
96.799
96.797
96.82
96.834
96.849
96.872
96.881
96.906
96.921
96.939
96.953
96.967
97
97.021
97.029
97.037
97.05
97.066
97.083
97.11
97.128
97.139
97.151
97.163
97.185
97.188
97.224
97.238
97.258
97.282
97.29
97.305
97.316
97.339
97.35
97.365
97.377
97.391
97.414
97.424
97.433
97.447
97.469
97.491
97.495
97.511
97.523
97.545
97.574
97.574
97.585
97.597
97.609
97.629
97.646
97.658
97.673
97.694
97.696
97.714
97.722
97.74
97.748
97.762
97.772
97.786
97.81
97.824
97.833
97.842
97.849
97.871
97.881
97.887
97.899
97.911
97.914
97.92
97.931
97.945
97.945
97.974
97.98
97.977
97.984
97.997
97.997
98.003
98.013
98.021
98.021
98.021
98.027
98.024
98.026
98.03
98.024
98.021
98.016
98.024
98.021
98.01
98.015
98.006
98
98.006
98.006
97.997
97.99
97.989
97.984
97.972
97.961
97.963
97.942
97.931
97.928
97.896
97.885
97.871
97.855
97.824
97.807
97.798
97.778
97.754
97.743
97.745
97.745
97.76
97.766
97.775
97.801
97.816
97.844
97.868
97.896
97.931
97.96
97.992
98.035
98.064
98.099
98.135
98.17
98.207
98.247
98.279
98.323
98.354
98.399
98.438
98.474
98.518
98.566
98.608
98.65
98.685
98.726
98.769
98.804
98.839
98.878
98.912
98.933
98.978
99.008
99.034
99.072
99.103
99.127
99.155
99.185
99.213
99.245
99.268
99.289
99.312
99.342
99.355
99.382
99.396
99.405
99.422
99.438
99.452
99.471
99.486
99.493
99.51
99.518
99.544
99.554
99.567
99.576
99.576
99.594
99.599
99.62
99.628
99.64
99.64
99.648
99.657
99.664
99.675
99.686
99.686
99.69
99.687
99.698
99.701
99.715
99.709
99.715
99.721
99.724
99.739
99.738
99.753
99.75
99.757
99.756
99.759
99.765
99.765
99.77
99.783
99.8
99.811
99.821
99.8
99.809
99.821
99.838
99.854
99.86
99.852
99.866
99.896
99.889
99.87
99.895
99.918
99.907
99.919
99.925
99.94
99.944
99.95
99.922
99.913
99.931
99.96
99.982
99.992
99.976
99.963
99.979
99.98
99.962
99.969
99.991
99.971
99.977
99.988
99.982
100.003
99.998
100.02
